# Blender v2.80 (sub 75) OBJ File: ''
# www.blender.org
v -0.472087 0.584172 0.316547
v -0.504575 0.738046 0.354315
v -0.627608 0.713512 0.274318
v -0.620588 0.587792 0.263921
v 0.813497 0.543896 -0.023307
v 0.839548 0.664309 -0.031217
v 0.820060 0.670394 0.058434
v 0.804723 0.584392 0.086478
v 0.653625 0.483105 0.195434
v 0.707156 0.602125 0.196854
v 0.604650 0.656915 0.136068
v 0.538361 0.560088 0.170956
v 0.294718 0.579456 0.263527
v 0.327503 0.781028 0.299161
v 0.201683 0.795417 0.233356
v 0.171578 0.752749 0.241603
v -0.091869 0.592431 0.306976
v -0.089374 0.834333 0.334856
v -0.207542 0.837652 0.261566
v -0.230294 0.726327 0.298879
v -0.098647 0.408958 0.287298
v -0.236165 0.534734 0.281200
v -0.339713 0.535130 0.282362
v -0.445900 0.418346 0.289710
v 0.281410 0.394303 0.240186
v 0.157226 0.506998 0.245702
v 0.030831 0.520678 0.262957
v 0.576938 0.344953 0.200149
v 0.521732 0.479429 0.183947
v 0.408344 0.497981 0.212663
v 0.769393 0.311240 0.020382
v 0.748239 0.321993 -0.096093
v 0.768161 0.448315 -0.096344
v 0.781292 0.438398 -0.007316
v -0.614703 0.275215 0.268916
v 0.736671 0.703038 0.132482
v 0.629759 0.729812 0.093789
v -0.669927 0.709772 0.133911
v -0.639850 0.740221 0.025545
v -0.667861 0.594850 0.011313
v -0.680492 0.624436 0.138512
v 0.541555 0.701567 0.048235
v 0.353351 0.943385 0.231917
v 0.226942 0.960439 0.195461
v 0.468282 0.927880 0.167502
v 0.448151 0.749275 0.206894
v 0.497503 0.831147 -0.028017
v 0.443763 0.931188 -0.047994
v 0.504670 0.922971 0.042223
v 0.496570 0.812784 0.033287
v 0.452169 0.685454 0.213620
v 0.152344 0.862217 0.141476
v 0.067550 0.867237 0.170327
v 0.093559 0.920199 0.104990
v 0.081466 0.963029 0.113817
v 0.030698 0.963029 0.234090
v -0.091865 0.963029 0.284857
v 0.032141 0.815993 0.254129
v -0.214428 0.963029 0.234090
v -0.253316 0.794859 0.219250
v 0.044328 0.756949 0.275917
v -0.428389 0.040072 0.304852
v -0.568465 0.035831 0.271721
v -0.322863 0.661814 0.304555
v -0.517064 0.855070 0.305692
v -0.637031 0.838323 0.251595
v -0.394349 0.872201 0.258293
v -0.369932 0.761635 0.270242
v -0.265195 0.963029 0.113817
v -0.214428 0.963029 0.017178
v -0.255310 0.940453 0.029369
v -0.266717 0.864441 0.126557
v 0.722002 0.038810 0.037320
v 0.720473 0.328748 0.123352
v 0.641503 0.032051 0.174811
v 0.478472 0.034758 0.242748
v 0.234471 0.043991 0.285740
v -0.107564 0.044157 0.323189
v -0.123015 -0.607300 0.358909
v -0.116194 -0.342670 0.348884
v -0.416742 -0.357658 0.320774
v -0.429793 -0.644155 0.319914
v 0.156209 -0.592208 0.336497
v 0.189132 -0.333904 0.321634
v 0.342355 -0.599098 0.278585
v 0.396554 -0.334271 0.285604
v 0.534507 -0.535896 0.007192
v 0.645609 -0.321387 0.054646
v 0.561764 -0.327431 0.210005
v 0.469444 -0.644026 0.136609
v -0.533408 -0.347663 0.282057
v -0.584022 -0.732615 0.173183
v -0.504840 0.571048 -0.026417
v -0.500778 0.738408 0.005280
v 0.789390 0.556030 -0.113253
v 0.790198 0.679718 -0.117980
v 0.616511 0.480778 -0.149634
v 0.549629 0.665440 -0.080064
v 0.590627 0.693678 -0.086386
v 0.653706 0.611280 -0.126858
v 0.288030 0.566494 -0.078037
v 0.145928 0.816431 -0.026775
v 0.187114 0.830073 -0.029903
v 0.313500 0.836336 -0.053544
v -0.101035 0.593847 -0.014449
v -0.240985 0.823283 0.009738
v -0.223710 0.866655 0.012633
v -0.104874 0.834333 -0.022161
v 0.248680 0.313680 -0.113225
v -0.172253 0.248509 -0.035729
v 0.452118 0.734507 -0.051757
v -0.521562 0.301915 -0.064731
v -0.711802 0.336495 -0.038937
v -0.682969 0.430934 0.002435
v -0.517807 0.410986 -0.035123
v 0.692321 0.710279 -0.116406
v 0.599896 0.739137 -0.082626
v 0.762019 0.447905 0.103265
v 0.568553 0.734653 -0.059679
v 0.202422 0.963746 -0.020035
v 0.320854 0.947769 -0.053685
v 0.427260 0.801467 -0.057463
v 0.573788 0.747288 0.003292
v 0.546944 0.733338 0.012646
v 0.160009 0.962411 -0.003820
v 0.030698 0.963029 0.017178
v 0.035998 0.844996 -0.019760
v -0.091865 0.963029 -0.002622
v 0.064535 0.801697 -0.021653
v 0.486441 0.765659 0.107862
v -0.353316 -0.000988 -0.182602
v -0.543512 0.037080 -0.219149
v -0.207661 0.149796 -0.081244
v -0.631160 0.839143 0.034764
v -0.509283 0.856156 0.018321
v -0.388478 0.873020 0.041463
v -0.394299 0.787189 0.023805
v -0.684037 0.831762 0.129979
v -0.339678 0.765779 0.016418
v 0.697418 0.038541 -0.139423
v 0.175960 0.031055 -0.155446
v -0.008113 0.006103 -0.107829
v -0.098509 -0.047100 -0.112943
v -0.210726 -0.605246 -0.219568
v -0.466840 -0.667887 -0.216115
v -0.320836 -0.327892 -0.238205
v -0.068479 -0.344284 -0.149849
v 0.101646 -0.669245 -0.205001
v -0.106896 -0.647726 -0.166806
v 0.002759 -0.329541 -0.153522
v 0.111961 -0.329079 -0.208950
v 0.582079 0.336289 -0.179418
v 0.484599 0.035497 -0.215454
v 0.531258 -0.552715 -0.219387
v 0.639268 -0.318730 -0.223615
v -0.676453 -0.586098 -0.254708
v -0.510073 -0.294320 -0.305548
v -0.665651 0.034149 0.224381
v -0.789266 0.025579 0.134227
v -0.786331 -0.283449 0.134604
v -0.643940 -0.338193 0.225991
v -0.761590 -0.586098 0.004929
v -0.620199 -0.699876 0.122723
v 0.394925 -0.704427 -0.249393
v 0.380139 -0.324210 -0.267386
v -0.718351 0.396017 0.129166
v -0.896692 -0.000747 0.056051
v -0.903950 -0.229155 0.043583
v -0.738017 0.291104 0.091302
v -0.852752 0.211353 -0.003881
v -0.324402 0.843907 0.134249
v -0.340833 0.879671 0.139453
v -0.320000 0.790868 0.215767
v -0.345228 0.886728 0.031686
v 0.163363 0.969016 0.081764
v 0.150569 0.932929 0.089099
v 0.067154 0.955365 0.005365
v 0.769608 0.796403 0.099324
v 0.688236 0.825216 0.079108
v 0.640640 0.854309 -0.006023
v 0.663196 0.849345 -0.073707
v 0.738115 0.826413 -0.100729
v 0.963321 1.563970 -0.082556
v 0.901748 1.575216 -0.062213
v 0.898353 1.593687 -0.026665
v 0.984600 1.610247 -0.041302
v 0.901361 1.595016 0.005852
v 0.987055 1.593478 0.002009
v 0.711518 1.040746 -0.074766
v 0.791354 1.013434 -0.109714
v 0.781932 0.973499 -0.094071
v 0.700025 0.999819 -0.069262
v 0.686432 1.050465 -0.011755
v 0.673604 1.008309 -0.011755
v 0.744582 1.063737 0.074641
v 0.722897 0.992470 0.074641
v 0.835307 1.039556 0.096639
v 0.813772 0.963649 0.104737
v 0.927074 1.360630 0.064310
v 0.837268 1.387831 0.042313
v 0.818366 1.313152 0.064212
v 0.907712 1.284441 0.086210
v 0.782107 1.364050 -0.008626
v 0.771228 1.328299 -0.008626
v 0.806234 1.355468 -0.079112
v 0.797151 1.319969 -0.069262
v 0.887107 1.326994 -0.106093
v 0.879059 1.293649 -0.094071
v 0.768973 0.939881 -0.109714
v 0.687988 0.963419 -0.074766
v 0.661065 0.967098 -0.011755
v 0.702564 0.925649 0.074641
v 0.790303 0.891654 0.096639
v 0.859729 1.125247 0.085527
v 0.776594 1.151193 0.065111
v 0.732338 1.168567 -0.011190
v 0.755328 1.161949 -0.075530
v 0.830768 1.137707 -0.102181
v 0.867084 1.263268 -0.109714
v 0.785639 1.287782 -0.079112
v 0.760362 1.292589 -0.008626
v 0.796758 1.242139 0.064212
v 0.886714 1.210299 0.094308
v 0.837331 1.433946 -0.082231
v 0.912398 1.410066 -0.106017
v 0.813821 1.438541 -0.012864
v 0.859452 1.443410 0.041035
v 0.935113 1.385520 0.066978
v 0.879100 1.537588 0.004270
v 0.852683 1.525911 -0.018613
v 0.870144 1.510603 -0.079260
v 0.929103 1.464968 -0.106017
v 0.934626 1.391387 0.053958
v 0.935544 1.396840 0.049709
v 0.888521 1.455106 0.044772
v 0.871108 1.448476 0.039451
v 0.984756 1.584553 0.004398
v 0.906687 1.585495 0.008955
v 0.886417 1.534419 0.013101
v 0.971286 1.517924 0.043396
v 0.900871 1.531144 0.041403
v 0.951589 1.643192 0.024450
v 1.006584 1.643690 0.026370
v 0.841220 0.776057 0.048838
v 0.856991 0.784786 -0.048831
v 0.816179 0.800186 -0.103977
v 1.046304 1.546144 -0.055939
v 1.022819 1.536311 -0.086168
v 1.054734 1.545731 -0.024495
v 0.877983 0.987254 -0.107704
v 0.866490 0.946327 -0.102200
v 0.921850 0.974816 -0.058335
v 0.909023 0.932660 -0.058335
v 0.911048 1.010245 0.041703
v 0.889363 0.938978 0.041703
v 0.984831 1.259660 0.031275
v 1.003733 1.334339 0.009375
v 1.006646 1.252650 -0.055206
v 1.017524 1.288401 -0.055206
v 0.963617 1.266477 -0.102200
v 0.972700 1.301976 -0.112049
v 0.854454 0.909927 -0.107704
v 0.896483 0.891448 -0.058335
v 0.869030 0.872157 0.041703
v 0.931088 1.101548 0.034543
v 0.950825 1.098359 -0.054421
v 0.909822 1.112304 -0.106098
v 0.952104 1.234290 -0.112049
v 0.995780 1.216940 -0.055206
v 0.963223 1.188647 0.031275
v 0.990087 1.384860 -0.112456
v 1.031951 1.368447 -0.056024
v 1.016211 1.393037 0.010018
v 1.040440 1.485743 -0.027653
v 1.047356 1.463354 -0.057132
v 1.007057 1.466607 -0.106350
v 1.009513 1.404001 0.012066
v 1.001373 1.418842 0.022443
v 1.046492 1.540570 -0.018707
v 1.035852 1.486399 -0.016467
v 1.031737 1.489091 0.015509
v 1.047868 1.612254 0.005400
v 0.368907 1.068169 0.213746
v 0.269617 1.085648 0.183461
v 0.225719 1.108536 0.071754
v 0.257600 1.106581 -0.005847
v 0.351394 1.094333 -0.031549
v 0.473889 2.009793 -0.010010
v 0.398423 2.010774 0.009096
v 0.388427 2.032461 0.050117
v 0.486850 2.069771 0.038885
v 0.389480 2.034981 0.088432
v 0.490083 2.050693 0.090218
v 0.280349 1.354178 -0.007660
v 0.381280 1.337636 -0.042198
v 0.377070 1.288214 -0.023658
v 0.274602 1.303049 -0.001137
v 0.244895 1.361241 0.064173
v 0.238203 1.308318 0.064173
v 0.304335 1.389852 0.169421
v 0.293022 1.300382 0.169421
v 0.413514 1.379837 0.202376
v 0.402741 1.284845 0.212671
v 0.461600 1.761214 0.164059
v 0.352901 1.775020 0.131105
v 0.344027 1.682266 0.157061
v 0.453746 1.666729 0.200311
v 0.296619 1.734833 0.067881
v 0.290944 1.689951 0.067881
v 0.331237 1.728857 -0.012810
v 0.326942 1.684740 -0.001137
v 0.433067 1.711219 -0.037906
v 0.429411 1.669905 -0.023658
v 0.369605 1.245297 -0.042198
v 0.268074 1.257101 -0.007660
v 0.231661 1.256581 0.064173
v 0.282415 1.216496 0.169421
v 0.390036 1.194159 0.202376
v 0.428049 1.482041 0.189206
v 0.327278 1.495734 0.158622
v 0.277355 1.506634 0.065541
v 0.309843 1.502826 -0.008070
v 0.404478 1.489126 -0.033270
v 0.422459 1.631051 -0.042198
v 0.320492 1.643883 -0.012810
v 0.285276 1.645120 0.067881
v 0.332754 1.593116 0.157061
v 0.440735 1.573623 0.190016
v 0.352331 1.828830 -0.015941
v 0.446265 1.815511 -0.037817
v 0.319294 1.830165 0.063573
v 0.367965 1.845864 0.129992
v 0.465915 1.792583 0.167221
v 0.374884 1.961888 0.086228
v 0.347883 1.942312 0.057728
v 0.375374 1.927041 -0.011764
v 0.454980 1.884436 -0.037817
v 0.465074 1.799354 0.151790
v 0.465361 1.806006 0.146753
v 0.399350 1.865819 0.136236
v 0.380685 1.854284 0.128873
v 0.488992 2.039597 0.093050
v 0.397359 2.024746 0.092671
v 0.383450 1.959695 0.097187
v 0.483723 1.957729 0.139272
v 0.399056 1.959031 0.131498
v 0.437395 2.102943 0.112835
v 0.501370 2.114840 0.119091
v 0.459918 1.058098 0.160234
v 0.494845 1.069574 0.038906
v 0.447901 1.079031 -0.029074
v 0.572469 2.005816 0.027653
v 0.549027 1.988971 -0.009286
v 0.580267 2.007360 0.065145
v 0.487422 1.324200 -0.032934
v 0.481674 1.273071 -0.026411
v 0.537740 1.318845 0.028430
v 0.531048 1.265923 0.028430
v 0.511407 1.359874 0.144147
v 0.500094 1.270404 0.144147
v 0.551099 1.652288 0.131787
v 0.559973 1.745042 0.105831
v 0.583789 1.647556 0.032138
v 0.589464 1.692438 0.032138
v 0.534014 1.654762 -0.026411
v 0.538309 1.698878 -0.038084
v 0.475146 1.227122 -0.032934
v 0.524506 1.214185 0.028430
v 0.489487 1.186517 0.144147
v 0.519458 1.467912 0.135165
v 0.549138 1.467287 0.032369
v 0.502022 1.475004 -0.031526
v 0.527564 1.613904 -0.038084
v 0.578120 1.602725 0.032138
v 0.539827 1.563138 0.131787
v 0.542350 1.801320 -0.039133
v 0.590633 1.790883 0.030455
v 0.562963 1.817634 0.106192
v 0.575579 1.932832 0.061732
v 0.590045 1.907254 0.028171
v 0.545686 1.902384 -0.032552
v 0.552851 1.829359 0.107860
v 0.539730 1.845495 0.119102
v 0.571267 1.999570 0.071445
v 0.569338 1.932783 0.074498
v 0.561845 1.935464 0.111629
v 0.557160 2.085604 0.098217
v -0.091865 1.123123 0.272352
v -0.195355 1.124089 0.213910
v -0.238222 1.138986 0.106895
v -0.195355 1.141621 0.032151
v -0.091865 1.142939 0.017684
v -0.091865 2.201783 0.039801
v -0.173767 2.191935 0.049983
v -0.191951 2.211979 0.090009
v -0.091865 2.263037 0.090009
v -0.195619 2.214626 0.128930
v -0.091865 2.244608 0.142719
v -0.204476 1.430870 0.029239
v -0.091865 1.428959 0.006750
v -0.091865 1.368546 0.025787
v -0.204476 1.368546 0.035937
v -0.251121 1.432782 0.097624
v -0.251121 1.368546 0.097624
v -0.204476 1.469637 0.211072
v -0.204476 1.368546 0.211072
v -0.091865 1.475372 0.257887
v -0.091865 1.368766 0.265736
v -0.091865 1.939366 0.218543
v -0.204476 1.937454 0.171728
v -0.204476 1.822594 0.198381
v -0.091865 1.822813 0.253044
v -0.251121 1.889588 0.101432
v -0.251121 1.822594 0.101432
v -0.204476 1.888633 0.023950
v -0.204476 1.822594 0.035937
v -0.091865 1.885765 0.011157
v -0.091865 1.822594 0.025787
v -0.091865 1.317731 0.006750
v -0.204476 1.314863 0.029239
v -0.251121 1.309129 0.097624
v -0.204476 1.276708 0.211072
v -0.091865 1.270018 0.257887
v -0.091865 1.593782 0.244364
v -0.196377 1.592895 0.200916
v -0.239667 1.596532 0.100349
v -0.196377 1.597419 0.029751
v -0.091865 1.597419 0.015918
v -0.091865 1.761386 0.006750
v -0.204476 1.759474 0.023950
v -0.251121 1.755651 0.101432
v -0.204476 1.710958 0.198381
v -0.091865 1.707135 0.245196
v -0.195202 2.005149 0.021804
v -0.091865 2.005427 0.011249
v -0.239426 2.001735 0.098356
v -0.197909 2.024260 0.171342
v -0.091865 1.985539 0.221789
v -0.201008 2.140149 0.126046
v -0.223558 2.116893 0.094182
v -0.184484 2.105711 0.027328
v -0.091865 2.074932 0.011249
v -0.091865 1.992123 0.205944
v -0.091865 1.998752 0.200772
v -0.168207 2.048520 0.181176
v -0.185493 2.034421 0.171624
v -0.091865 2.233463 0.145627
v -0.186440 2.205620 0.134340
v -0.192955 2.139205 0.138227
v -0.091865 2.151634 0.193090
v -0.180393 2.140785 0.174907
v -0.156996 2.288796 0.158439
v -0.091865 2.309750 0.172367
v 0.011626 1.124089 0.219479
v 0.054493 1.138986 0.106895
v 0.011626 1.141621 0.032151
v 0.008222 2.211979 0.090009
v -0.009962 2.191935 0.049983
v 0.011890 2.214625 0.128930
v 0.020746 1.430870 0.029239
v 0.020746 1.368546 0.035937
v 0.067391 1.432782 0.097624
v 0.067391 1.368546 0.097624
v 0.020746 1.469637 0.211072
v 0.020746 1.368546 0.211072
v 0.020746 1.822594 0.198381
v 0.020746 1.937454 0.171728
v 0.067391 1.822594 0.101432
v 0.067391 1.889588 0.101432
v 0.020746 1.822594 0.035937
v 0.020746 1.888633 0.023950
v 0.020746 1.314863 0.029239
v 0.067391 1.309129 0.097624
v 0.020746 1.276708 0.211072
v 0.012647 1.592895 0.200916
v 0.055938 1.596532 0.100349
v 0.012647 1.597419 0.029751
v 0.020746 1.759474 0.023950
v 0.067391 1.755651 0.101432
v 0.020746 1.710958 0.198381
v 0.011472 2.005149 0.021804
v 0.055696 2.001735 0.098356
v 0.014180 2.024260 0.171342
v 0.017279 2.140149 0.126046
v 0.039828 2.116893 0.094182
v 0.000755 2.105711 0.027328
v 0.001764 2.034421 0.171624
v -0.015522 2.048520 0.181176
v 0.002711 2.205620 0.134340
v 0.009226 2.139205 0.138227
v -0.003336 2.140785 0.174907
v -0.026733 2.288797 0.158439
v -0.539337 0.987528 0.285104
v -0.637106 0.976411 0.234074
v -0.677333 0.985609 0.123753
v -0.634957 0.994436 0.050062
v -0.536283 1.010121 0.038415
v -0.672334 1.957205 0.060569
v -0.749220 1.936071 0.068516
v -0.770230 1.953264 0.108110
v -0.681794 2.017710 0.110860
v -0.775081 1.955232 0.146995
v -0.680705 1.999250 0.163659
v -0.680473 1.241257 0.046894
v -0.572482 1.255035 0.027462
v -0.566377 1.205870 0.046532
v -0.673793 1.190245 0.053604
v -0.726884 1.236437 0.114111
v -0.719777 1.183556 0.114111
v -0.690349 1.278985 0.229031
v -0.678332 1.189584 0.229031
v -0.585173 1.300078 0.279018
v -0.572732 1.205273 0.289604
v -0.643946 1.710863 0.239608
v -0.749632 1.693558 0.189620
v -0.737920 1.601181 0.216318
v -0.632319 1.616870 0.276891
v -0.785819 1.639938 0.117925
v -0.779791 1.595091 0.117925
v -0.739299 1.645739 0.041597
v -0.733709 1.601794 0.053604
v -0.631433 1.658534 0.031877
v -0.626293 1.617419 0.046532
v -0.560080 1.162769 0.027462
v -0.667435 1.144255 0.046894
v -0.712828 1.131858 0.114111
v -0.667066 1.105762 0.229031
v -0.560235 1.114544 0.279018
v -0.601772 1.411023 0.265473
v -0.699974 1.395842 0.219080
v -0.739044 1.393832 0.117156
v -0.696140 1.400970 0.047630
v -0.596335 1.415488 0.036646
v -0.620542 1.578378 0.027462
v -0.727887 1.560831 0.041597
v -0.773770 1.550294 0.117925
v -0.725946 1.512100 0.216318
v -0.619497 1.523723 0.266305
v -0.744008 1.748127 0.039702
v -0.645443 1.762747 0.031969
v -0.787618 1.738335 0.115166
v -0.753005 1.766125 0.189414
v -0.648250 1.742245 0.242860
v -0.770214 1.880699 0.143958
v -0.787748 1.854654 0.111422
v -0.747346 1.849234 0.045529
v -0.654700 1.831617 0.031969
v -0.648717 1.748830 0.226988
v -0.649466 1.755418 0.221808
v -0.728228 1.794239 0.200081
v -0.742551 1.777912 0.190038
v -0.679297 1.988196 0.166571
v -0.765288 1.947559 0.152666
v -0.762742 1.880833 0.156380
v -0.669628 1.906934 0.214113
v -0.751950 1.883999 0.193466
v -0.748973 2.033962 0.177614
v -0.690150 2.063687 0.193356
v -0.440156 1.005061 0.244371
v -0.398804 1.026126 0.131797
v -0.438008 1.023086 0.055750
v -0.579758 1.980971 0.113611
v -0.593354 1.958744 0.073018
v -0.577629 1.983955 0.152697
v -0.466166 1.272432 0.053084
v -0.459487 1.221419 0.059793
v -0.423809 1.280525 0.122865
v -0.416701 1.227643 0.122865
v -0.476042 1.310159 0.235220
v -0.464026 1.220759 0.235220
v -0.523613 1.632356 0.222507
v -0.535325 1.724733 0.195810
v -0.476716 1.639178 0.126679
v -0.482744 1.684025 0.126679
v -0.519403 1.632968 0.059793
v -0.524993 1.676914 0.047787
v -0.453128 1.175430 0.053084
v -0.409752 1.175946 0.122865
v -0.452759 1.136937 0.235220
v -0.501081 1.424774 0.224825
v -0.457766 1.434749 0.125280
v -0.497247 1.429902 0.053375
v -0.513580 1.592006 0.047787
v -0.470694 1.594382 0.126679
v -0.511639 1.543275 0.222507
v -0.547350 1.776734 0.045382
v -0.506799 1.779185 0.123276
v -0.551194 1.795482 0.195243
v -0.562507 1.910914 0.149957
v -0.537127 1.891111 0.118660
v -0.571085 1.874875 0.050620
v -0.564370 1.803831 0.195184
v -0.582944 1.815373 0.204277
v -0.585304 1.973740 0.157865
v -0.570360 1.908818 0.161937
v -0.583474 1.908507 0.198332
v -0.625024 2.051992 0.181194
v -0.791631 0.263535 -0.098796
v -0.677427 0.206632 0.192766
v -1.397787 0.675992 -0.471452
v -1.451904 0.628601 -0.523310
v -1.499119 0.612983 -0.504052
v -1.489907 0.702521 -0.443186
v -1.540681 0.598457 -0.461893
v -1.538047 0.661201 -0.389868
v -0.975361 0.040846 -0.356470
v -0.925568 0.166592 -0.296992
v -0.888837 0.121447 -0.255180
v -0.918202 -0.020845 -0.339612
v -1.048879 -0.059667 -0.342378
v -0.992005 -0.142092 -0.321050
v -1.118270 -0.057366 -0.218303
v -1.063876 -0.140621 -0.184302
v -1.142918 0.004362 -0.105980
v -1.078050 -0.073646 -0.071285
v -1.393876 0.386654 -0.268220
v -1.403955 0.326226 -0.394708
v -1.365444 0.262922 -0.368719
v -1.341333 0.317143 -0.242814
v -1.349422 0.318444 -0.477092
v -1.293696 0.242292 -0.455708
v -1.271648 0.364025 -0.509132
v -1.215317 0.290165 -0.488161
v -1.183470 0.450769 -0.419204
v -1.131348 0.369435 -0.386019
v -0.829204 0.108783 -0.255902
v -0.856012 -0.077695 -0.335192
v -0.931502 -0.232494 -0.305031
v -0.998517 -0.247185 -0.143560
v -1.009927 -0.140009 -0.032155
v -1.236644 0.157577 -0.180201
v -1.244794 0.131382 -0.286714
v -1.210623 0.162161 -0.403875
v -1.138311 0.205319 -0.440356
v -1.072395 0.282090 -0.353832
v -1.114084 0.327310 -0.364249
v -1.178351 0.248784 -0.466441
v -1.260024 0.208405 -0.435411
v -1.313554 0.200542 -0.335507
v -1.310534 0.234052 -0.199304
v -1.346903 0.466925 -0.534315
v -1.260798 0.555846 -0.457117
v -1.414375 0.420144 -0.498493
v -1.458365 0.401224 -0.437145
v -1.438166 0.450704 -0.293570
v -0.692820 0.065958 -0.252185
v -0.676149 -0.226011 -0.349369
v -0.812244 -0.409692 -0.284634
v -0.905967 -0.405213 -0.087790
v -1.513230 0.521608 -0.482776
v -1.468423 0.515711 -0.516021
v -1.401527 0.546317 -0.545068
v -1.311626 0.601447 -0.463150
v -1.433275 0.457666 -0.300917
v -1.433078 0.464408 -0.305727
v -1.467209 0.432042 -0.413425
v -1.459221 0.415474 -0.429628
v -1.534068 0.651911 -0.385400
v -1.547376 0.585538 -0.454897
v -1.518567 0.521025 -0.468608
v -1.517819 0.577547 -0.341709
v -1.533208 0.520182 -0.443345
v -1.615427 0.631608 -0.471869
v -1.587167 0.687087 -0.382997
v -1.424583 0.715474 -0.357329
v -1.386467 0.718581 -0.394498
v -1.472487 0.692228 -0.327653
v -0.923504 0.232269 -0.191265
v -0.902225 0.205655 -0.168606
v -0.965690 0.230587 -0.093573
v -0.934019 0.203784 -0.074803
v -1.064654 0.130851 -0.067641
v -1.007208 0.070774 -0.032912
v -1.255019 0.390514 -0.163921
v -1.305609 0.471221 -0.197420
v -1.148085 0.421482 -0.180410
v -1.211904 0.503823 -0.208621
v -1.088053 0.434074 -0.254788
v -1.154561 0.515946 -0.284024
v -0.857616 0.222102 -0.150899
v -0.901402 0.187535 -0.054491
v -0.957664 0.030167 0.002825
v -1.165674 0.233651 -0.136334
v -1.091894 0.325420 -0.170157
v -1.037273 0.344252 -0.241461
v -1.061975 0.389918 -0.247584
v -1.117362 0.373491 -0.172438
v -1.211940 0.315525 -0.148839
v -1.240384 0.613394 -0.324633
v -1.289741 0.591523 -0.253150
v -1.348735 0.551971 -0.221338
v -1.409761 0.663882 -0.279099
v -1.356457 0.669669 -0.295617
v -1.304874 0.679219 -0.354808
v -1.359504 0.552590 -0.233336
v -1.381293 0.550180 -0.244302
v -1.476023 0.683653 -0.314438
v -1.421528 0.654459 -0.277588
v -1.446199 0.639824 -0.272068
v -1.532808 0.745214 -0.309233
v 0.154590 -0.690815 0.336613
v 0.332654 -0.681868 0.280553
v 0.434685 -0.736658 0.144076
v -0.434865 -0.752617 -0.144485
v 0.078509 -0.757023 -0.174621
v -0.128876 -0.726853 -0.153453
v 0.371060 -0.787920 -0.154392
v -0.417638 -0.743820 0.320058
v -0.124509 -0.699092 0.359015
v 0.165824 -1.188667 0.435830
v 0.176635 -1.550766 0.552519
v 0.315117 -1.561461 0.472182
v 0.309431 -1.174654 0.374870
v -0.489504 -1.284352 -0.044807
v -0.520630 -1.601837 0.014375
v -0.587457 -1.574351 0.378793
v -0.592486 -1.220965 0.271728
v 0.186361 -1.281444 -0.104879
v 0.242773 -1.601949 -0.050012
v -0.239597 -1.602917 -0.028646
v -0.198052 -1.298631 -0.070843
v -0.134894 -1.202656 0.462590
v -0.141802 -1.548432 0.565487
v 0.400924 -1.176881 0.231595
v 0.408948 -1.577567 0.344128
v 0.400186 -1.599838 0.072082
v 0.423186 -1.255552 -0.053392
v -0.425776 -1.204945 0.420473
v -0.414948 -1.556812 0.515247
v 0.388552 -0.897440 -0.128044
v 0.097560 -0.860561 -0.159003
v -0.584349 -0.905861 0.191288
v -0.416262 -0.829272 0.328519
v 0.329498 -0.775343 0.288164
v 0.438163 -0.825803 0.158929
v -0.126135 -0.784447 0.365811
v -0.130740 -0.827680 -0.129865
v -0.448881 -0.928876 -0.090823
v 0.154961 -0.764648 0.342205
v -0.426401 -0.821534 -0.103732
v -0.571117 -0.821906 0.173989
s off
f 1 2 3 4
f 5 6 7 8
f 9 10 11 12
f 13 14 15 16
f 17 18 19 20
f 21 22 23 24
f 25 26 27 21
f 28 29 30 25
f 31 32 33 34
f 24 1 4 35
f 7 36 10 8
f 10 36 37 11
f 38 39 40 41
f 11 37 42 12
f 14 43 44 15
f 45 43 14 46
f 47 48 49 50
f 46 14 13 51
f 15 44 52 16
f 53 54 55 56
f 56 57 18 58
f 18 57 59 19
f 19 59 60 20
f 58 18 17 61
f 26 16 61 27
f 62 24 35 63
f 22 20 64 23
f 2 65 66 3
f 67 65 2 68
f 69 70 71 72
f 68 2 1 64
f 73 31 74 75
f 76 28 25 77
f 77 25 21 78
f 78 21 24 62
f 79 80 81 82
f 83 84 80 79
f 85 86 84 83
f 87 88 89 90
f 82 81 91 92
f 29 12 51 30
f 16 26 25 13
f 12 29 28 9
f 51 13 25 30
f 61 17 21 27
f 20 22 21 17
f 64 1 24 23
f 93 40 39 94
f 5 95 96 6
f 97 98 99 100
f 101 102 103 104
f 105 106 107 108
f 109 110 105 101
f 111 98 97 101
f 89 75 76 86
f 112 113 114 115
f 96 95 100 116
f 100 99 117 116
f 9 118 8 10
f 99 98 119 117
f 104 103 120 121
f 48 122 104 121
f 42 37 123 124
f 122 111 101 104
f 103 102 125 120
f 126 127 108 128
f 108 107 70 128
f 107 106 71 70
f 127 129 105 108
f 45 46 51 130
f 131 132 113 112
f 112 115 110 133
f 94 39 134 135
f 136 137 94 135
f 39 38 138 134
f 137 139 93 94
f 73 140 32 31
f 74 31 34 118
f 141 142 110 109
f 143 131 112 133
f 144 145 146 147
f 148 149 150 151
f 152 153 141 109
f 87 154 155 88
f 145 156 157 146
f 119 98 111 47
f 123 117 119 124
f 130 51 12 42
f 47 111 122 48
f 93 139 106 105
f 105 129 102 101
f 50 49 45 130
f 158 159 160 161
f 95 5 34 33
f 8 118 34 5
f 85 90 89 86
f 97 100 95 33
f 74 118 9 28
f 161 160 162 163
f 140 153 152 32
f 41 4 3 38
f 154 164 165 155
f 4 41 166 35
f 167 168 160 159
f 169 170 167 159
f 113 169 166 114
f 38 3 66 138
f 171 172 67 173
f 67 68 64 173
f 174 136 172 171
f 173 64 20 60
f 72 171 173 60
f 174 139 137 136
f 60 59 69 72
f 71 106 139 174
f 71 174 171 72
f 44 175 176 52
f 175 120 125 176
f 56 58 61 53
f 176 54 53 52
f 177 126 55 54
f 125 102 129 177
f 177 129 127 126
f 53 61 16 52
f 125 177 54 176
f 124 50 130 42
f 119 47 50 124
f 178 179 37 36
f 179 180 123 37
f 180 181 117 123
f 181 182 116 117
f 183 184 185 186
f 186 185 187 188
f 189 190 191 192
f 193 189 192 194
f 195 193 194 196
f 197 195 196 198
f 199 200 201 202
f 200 203 204 201
f 203 205 206 204
f 205 207 208 206
f 192 191 209 210
f 194 192 210 211
f 196 194 211 212
f 198 196 212 213
f 214 215 195 197
f 215 216 193 195
f 216 217 189 193
f 217 218 190 189
f 206 208 219 220
f 204 206 220 221
f 201 204 221 222
f 202 201 222 223
f 224 225 207 205
f 226 224 205 203
f 227 226 203 200
f 228 227 200 199
f 220 219 218 217
f 221 220 217 216
f 222 221 216 215
f 223 222 215 214
f 210 209 182 181
f 211 210 181 180
f 212 211 180 179
f 213 212 179 178
f 229 230 226 227
f 230 231 224 226
f 231 232 225 224
f 233 234 235 236
f 237 188 187 238
f 239 229 227 236
f 236 227 228 233
f 240 241 235 234
f 238 242 243 237
f 239 241 242 238
f 236 235 241 239
f 243 242 241 240
f 238 187 229 239
f 184 183 232 231
f 185 184 231 230
f 187 185 230 229
f 178 36 7 244
f 244 7 6 245
f 245 6 96 246
f 246 96 116 182
f 183 186 247 248
f 186 188 249 247
f 250 251 191 190
f 252 253 251 250
f 254 255 253 252
f 197 198 255 254
f 199 202 256 257
f 257 256 258 259
f 259 258 260 261
f 261 260 208 207
f 251 262 209 191
f 253 263 262 251
f 255 264 263 253
f 198 213 264 255
f 214 197 254 265
f 265 254 252 266
f 266 252 250 267
f 267 250 190 218
f 260 268 219 208
f 258 269 268 260
f 256 270 269 258
f 202 223 270 256
f 271 261 207 225
f 272 259 261 271
f 273 257 259 272
f 228 199 257 273
f 268 267 218 219
f 269 266 267 268
f 270 265 266 269
f 223 214 265 270
f 262 246 182 209
f 263 245 246 262
f 264 244 245 263
f 213 178 244 264
f 274 273 272 275
f 275 272 271 276
f 276 271 225 232
f 233 277 278 234
f 237 279 249 188
f 280 277 273 274
f 277 233 228 273
f 240 234 278 281
f 279 237 243 282
f 280 279 282 281
f 277 280 281 278
f 243 240 281 282
f 279 280 274 249
f 248 276 232 183
f 247 275 276 248
f 249 274 275 247
f 283 284 44 43
f 284 285 175 44
f 285 286 120 175
f 286 287 121 120
f 288 289 290 291
f 291 290 292 293
f 294 295 296 297
f 298 294 297 299
f 300 298 299 301
f 302 300 301 303
f 304 305 306 307
f 305 308 309 306
f 308 310 311 309
f 310 312 313 311
f 297 296 314 315
f 299 297 315 316
f 301 299 316 317
f 303 301 317 318
f 319 320 300 302
f 320 321 298 300
f 321 322 294 298
f 322 323 295 294
f 311 313 324 325
f 309 311 325 326
f 306 309 326 327
f 307 306 327 328
f 329 330 312 310
f 331 329 310 308
f 332 331 308 305
f 333 332 305 304
f 325 324 323 322
f 326 325 322 321
f 327 326 321 320
f 328 327 320 319
f 315 314 287 286
f 316 315 286 285
f 317 316 285 284
f 318 317 284 283
f 334 335 331 332
f 335 336 329 331
f 336 337 330 329
f 338 339 340 341
f 342 293 292 343
f 344 334 332 341
f 341 332 333 338
f 345 346 340 339
f 343 347 348 342
f 344 346 347 343
f 341 340 346 344
f 348 347 346 345
f 343 292 334 344
f 289 288 337 336
f 290 289 336 335
f 292 290 335 334
f 283 43 45 349
f 349 45 49 350
f 350 49 48 351
f 351 48 121 287
f 288 291 352 353
f 291 293 354 352
f 355 356 296 295
f 357 358 356 355
f 359 360 358 357
f 302 303 360 359
f 304 307 361 362
f 362 361 363 364
f 364 363 365 366
f 366 365 313 312
f 356 367 314 296
f 358 368 367 356
f 360 369 368 358
f 303 318 369 360
f 319 302 359 370
f 370 359 357 371
f 371 357 355 372
f 372 355 295 323
f 365 373 324 313
f 363 374 373 365
f 361 375 374 363
f 307 328 375 361
f 376 366 312 330
f 377 364 366 376
f 378 362 364 377
f 333 304 362 378
f 373 372 323 324
f 374 371 372 373
f 375 370 371 374
f 328 319 370 375
f 367 351 287 314
f 368 350 351 367
f 369 349 350 368
f 318 283 349 369
f 379 378 377 380
f 380 377 376 381
f 381 376 330 337
f 338 382 383 339
f 342 384 354 293
f 385 382 378 379
f 382 338 333 378
f 345 339 383 386
f 384 342 348 387
f 385 384 387 386
f 382 385 386 383
f 348 345 386 387
f 384 385 379 354
f 353 381 337 288
f 352 380 381 353
f 354 379 380 352
f 388 389 59 57
f 389 390 69 59
f 390 391 70 69
f 391 392 128 70
f 393 394 395 396
f 396 395 397 398
f 399 400 401 402
f 403 399 402 404
f 405 403 404 406
f 407 405 406 408
f 409 410 411 412
f 410 413 414 411
f 413 415 416 414
f 415 417 418 416
f 402 401 419 420
f 404 402 420 421
f 406 404 421 422
f 408 406 422 423
f 424 425 405 407
f 425 426 403 405
f 426 427 399 403
f 427 428 400 399
f 416 418 429 430
f 414 416 430 431
f 411 414 431 432
f 412 411 432 433
f 434 435 417 415
f 436 434 415 413
f 437 436 413 410
f 438 437 410 409
f 430 429 428 427
f 431 430 427 426
f 432 431 426 425
f 433 432 425 424
f 420 419 392 391
f 421 420 391 390
f 422 421 390 389
f 423 422 389 388
f 439 440 436 437
f 440 441 434 436
f 441 442 435 434
f 443 444 445 446
f 447 398 397 448
f 449 439 437 446
f 446 437 438 443
f 450 451 445 444
f 448 452 453 447
f 449 451 452 448
f 446 445 451 449
f 453 452 451 450
f 448 397 439 449
f 394 393 442 441
f 395 394 441 440
f 397 395 440 439
f 388 57 56 454
f 454 56 55 455
f 455 55 126 456
f 456 126 128 392
f 393 396 457 458
f 396 398 459 457
f 460 461 401 400
f 462 463 461 460
f 464 465 463 462
f 407 408 465 464
f 409 412 466 467
f 467 466 468 469
f 469 468 470 471
f 471 470 418 417
f 461 472 419 401
f 463 473 472 461
f 465 474 473 463
f 408 423 474 465
f 424 407 464 475
f 475 464 462 476
f 476 462 460 477
f 477 460 400 428
f 470 478 429 418
f 468 479 478 470
f 466 480 479 468
f 412 433 480 466
f 481 471 417 435
f 482 469 471 481
f 483 467 469 482
f 438 409 467 483
f 478 477 428 429
f 479 476 477 478
f 480 475 476 479
f 433 424 475 480
f 472 456 392 419
f 473 455 456 472
f 474 454 455 473
f 423 388 454 474
f 484 483 482 485
f 485 482 481 486
f 486 481 435 442
f 443 487 488 444
f 447 489 459 398
f 490 487 483 484
f 487 443 438 483
f 450 444 488 491
f 489 447 453 492
f 490 489 492 491
f 487 490 491 488
f 453 450 491 492
f 489 490 484 459
f 458 486 442 393
f 457 485 486 458
f 459 484 485 457
f 493 494 66 65
f 494 495 138 66
f 495 496 134 138
f 496 497 135 134
f 498 499 500 501
f 501 500 502 503
f 504 505 506 507
f 508 504 507 509
f 510 508 509 511
f 512 510 511 513
f 514 515 516 517
f 515 518 519 516
f 518 520 521 519
f 520 522 523 521
f 507 506 524 525
f 509 507 525 526
f 511 509 526 527
f 513 511 527 528
f 529 530 510 512
f 530 531 508 510
f 531 532 504 508
f 532 533 505 504
f 521 523 534 535
f 519 521 535 536
f 516 519 536 537
f 517 516 537 538
f 539 540 522 520
f 541 539 520 518
f 542 541 518 515
f 543 542 515 514
f 535 534 533 532
f 536 535 532 531
f 537 536 531 530
f 538 537 530 529
f 525 524 497 496
f 526 525 496 495
f 527 526 495 494
f 528 527 494 493
f 544 545 541 542
f 545 546 539 541
f 546 547 540 539
f 548 549 550 551
f 552 503 502 553
f 554 544 542 551
f 551 542 543 548
f 555 556 550 549
f 553 557 558 552
f 554 556 557 553
f 551 550 556 554
f 558 557 556 555
f 553 502 544 554
f 499 498 547 546
f 500 499 546 545
f 502 500 545 544
f 493 65 67 559
f 559 67 172 560
f 560 172 136 561
f 561 136 135 497
f 498 501 562 563
f 501 503 564 562
f 565 566 506 505
f 567 568 566 565
f 569 570 568 567
f 512 513 570 569
f 514 517 571 572
f 572 571 573 574
f 574 573 575 576
f 576 575 523 522
f 566 577 524 506
f 568 578 577 566
f 570 579 578 568
f 513 528 579 570
f 529 512 569 580
f 580 569 567 581
f 581 567 565 582
f 582 565 505 533
f 575 583 534 523
f 573 584 583 575
f 571 585 584 573
f 517 538 585 571
f 586 576 522 540
f 587 574 576 586
f 588 572 574 587
f 543 514 572 588
f 583 582 533 534
f 584 581 582 583
f 585 580 581 584
f 538 529 580 585
f 577 561 497 524
f 578 560 561 577
f 579 559 560 578
f 528 493 559 579
f 589 588 587 590
f 590 587 586 591
f 591 586 540 547
f 548 592 593 549
f 552 594 564 503
f 595 592 588 589
f 592 548 543 588
f 555 549 593 596
f 594 552 558 597
f 595 594 597 596
f 592 595 596 593
f 558 555 596 597
f 594 595 589 564
f 563 591 547 498
f 562 590 591 563
f 564 589 590 562
f 113 598 170 169
f 155 165 153 140
f 141 153 165 151
f 599 169 159 158
f 147 146 131 143
f 151 150 142 141
f 88 155 140 73
f 146 157 132 131
f 80 78 62 81
f 84 77 78 80
f 86 76 77 84
f 88 73 75 89
f 81 62 63 91
f 600 601 602 603
f 603 602 604 605
f 606 607 608 609
f 610 606 609 611
f 612 610 611 613
f 614 612 613 615
f 616 617 618 619
f 617 620 621 618
f 620 622 623 621
f 622 624 625 623
f 609 608 626 627
f 611 609 627 628
f 613 611 628 629
f 615 613 629 630
f 631 632 612 614
f 632 633 610 612
f 633 634 606 610
f 634 635 607 606
f 623 625 636 637
f 621 623 637 638
f 618 621 638 639
f 619 618 639 640
f 641 642 624 622
f 643 641 622 620
f 644 643 620 617
f 645 644 617 616
f 637 636 635 634
f 638 637 634 633
f 639 638 633 632
f 640 639 632 631
f 627 626 646 647
f 628 627 647 648
f 629 628 648 649
f 630 629 649 168
f 650 651 643 644
f 651 652 641 643
f 652 653 642 641
f 654 655 656 657
f 658 605 604 659
f 660 650 644 657
f 657 644 645 654
f 661 662 656 655
f 659 663 664 658
f 660 662 663 659
f 657 656 662 660
f 664 663 662 661
f 659 604 650 660
f 601 600 653 652
f 602 601 652 651
f 604 602 651 650
f 600 603 665 666
f 603 605 667 665
f 668 669 608 607
f 670 671 669 668
f 672 673 671 670
f 614 615 673 672
f 616 619 674 675
f 675 674 676 677
f 677 676 678 679
f 679 678 625 624
f 669 680 626 608
f 671 681 680 669
f 673 682 681 671
f 615 630 682 673
f 631 614 672 683
f 683 672 670 684
f 684 670 668 685
f 685 668 607 635
f 678 686 636 625
f 676 687 686 678
f 674 688 687 676
f 619 640 688 674
f 689 679 624 642
f 690 677 679 689
f 691 675 677 690
f 645 616 675 691
f 686 685 635 636
f 687 684 685 686
f 688 683 684 687
f 640 631 683 688
f 680 598 646 626
f 681 170 598 680
f 682 167 170 681
f 630 168 167 682
f 692 691 690 693
f 693 690 689 694
f 694 689 642 653
f 654 695 696 655
f 658 697 667 605
f 698 695 691 692
f 695 654 645 691
f 661 655 696 699
f 697 658 664 700
f 698 697 700 699
f 695 698 699 696
f 664 661 699 700
f 697 698 692 667
f 666 694 653 600
f 665 693 694 666
f 667 692 693 665
f 162 160 168 649
f 157 156 648 647
f 132 157 647 646
f 598 113 132 646
f 648 156 162 649
f 162 156 145 163
f 83 701 702 85
f 85 702 703 90
f 145 704 92 163
f 144 149 704 145
f 148 705 706 149
f 164 707 705 148
f 82 708 709 79
f 79 709 701 83
f 710 711 712 713
f 714 715 716 717
f 718 719 720 721
f 722 723 711 710
f 724 725 726 727
f 721 720 715 714
f 728 729 723 722
f 713 712 725 724
f 717 716 729 728
f 727 726 719 718
f 730 727 718 731
f 732 717 728 733
f 734 713 724 735
f 733 728 722 736
f 737 721 714 738
f 735 724 727 730
f 736 722 710 739
f 731 718 721 737
f 738 714 717 732
f 739 710 713 734
f 701 739 734 702
f 740 738 732 741
f 705 731 737 706
f 709 736 739 701
f 703 735 730 707
f 706 737 738 740
f 708 733 736 709
f 702 734 735 703
f 741 732 733 708
f 707 730 731 705
f 149 144 147 150
f 63 158 161 91
f 166 41 40 114
f 142 143 133 110
f 92 741 708 82
f 149 706 740 704
f 114 40 93 115
f 35 599 158 63
f 166 169 599 35
f 115 93 105 110
f 91 161 163 92
f 704 740 741 92
f 150 147 143 142
f 101 97 152 109
f 164 148 151 165
f 32 152 97 33
f 76 75 74 28
f 703 707 164 90
f 90 164 154 87
f 716 715 720 729
f 723 729 720 711
f 711 720 719 712
f 726 725 712 719
