# Blender v2.80 (sub 75) OBJ File: ''
# www.blender.org
v -0.265639 1.054670 0.073693
v -0.252468 1.041646 -0.011187
v -0.154791 1.315151 -0.018591
v -0.167088 1.328495 0.077736
v -0.321599 1.077179 -0.031513
v -0.229697 1.353548 -0.042441
v -0.356780 1.101148 0.041758
v -0.272596 1.382219 0.039043
v -0.330357 1.089936 0.083322
v -0.242348 1.369386 0.086732
v -0.674188 -2.569457 0.253288
v -0.693249 -2.554505 0.320993
v -0.522327 0.107573 0.092647
v -0.498789 0.090738 0.031284
v -0.671762 -2.563620 0.354878
v -0.501523 0.098743 0.125463
v -0.619051 -2.592354 0.346983
v -0.450119 0.070837 0.118642
v -0.600517 -2.607645 0.270587
v -0.436987 0.058869 0.047916
v 0.707430 0.833788 0.696035
v 0.721501 0.875853 0.635739
v 0.665798 0.760201 0.633844
v 0.687368 0.754142 0.703849
v 0.715816 0.979676 0.603581
v 0.665307 1.093717 0.560148
v 0.632216 1.039151 0.588461
v 0.688162 0.912228 0.595731
v 0.512188 1.136454 0.582797
v 0.375798 1.349432 0.457576
v 0.355307 1.333409 0.455199
v 0.461602 1.083286 0.555944
v 0.200230 1.454538 0.261875
v 0.177405 1.435711 0.250559
v 0.065400 1.440223 0.104279
v 0.013735 1.413257 0.069181
v 0.539267 0.608945 0.714387
v 0.536364 0.625473 0.645804
v 0.460134 0.588794 0.647667
v 0.450093 0.556943 0.724204
v 0.539724 0.817280 0.671301
v 0.529310 0.960214 0.633677
v 0.420442 0.897574 0.665342
v 0.447825 0.765787 0.707415
v 0.383963 1.010273 0.604886
v 0.262045 1.301293 0.471857
v 0.180405 1.273536 0.486856
v 0.262214 1.065318 0.635269
v 0.101733 1.396276 0.251474
v 0.028175 1.357138 0.254152
v -0.047935 1.372157 0.052817
v -0.129970 1.352402 0.031768
v 0.250641 0.564037 0.654001
v 0.222665 0.597987 0.604124
v 0.121218 0.594689 0.649414
v 0.143998 0.565970 0.690091
v 0.261438 0.753165 0.652448
v 0.271729 0.895222 0.661354
v 0.176872 0.891788 0.704973
v 0.159538 0.752053 0.693106
v 0.122943 1.074041 0.714540
v 0.066422 1.285103 0.559890
v 0.037884 1.289717 0.584970
v 0.101474 1.081978 0.740720
v -0.063279 1.356419 0.312495
v -0.096304 1.356759 0.333732
v -0.207153 1.352511 0.080973
v -0.232800 1.352512 0.097403
v 0.063811 0.586437 0.767343
v 0.053909 0.633813 0.745587
v -0.033541 0.649827 0.812034
v -0.034623 0.581299 0.805381
v 0.076301 0.767248 0.763424
v 0.097191 0.909517 0.770186
v 0.032268 0.947071 0.856535
v 0.010728 0.804847 0.859245
v 0.013493 1.130250 0.861993
v -0.031083 1.345834 0.688567
v -0.054676 1.363262 0.722545
v -0.013209 1.169299 0.895731
v -0.148679 1.420297 0.438908
v -0.161086 1.437896 0.466344
v -0.252556 1.399556 0.207865
v -0.258886 1.422684 0.242860
v -0.152634 0.655874 0.967570
v -0.183770 0.703772 0.952055
v -0.202425 0.792278 1.032057
v -0.183546 0.757118 1.043274
v -0.085694 0.899359 0.995656
v -0.040862 1.034166 0.984331
v -0.079461 1.088616 1.045977
v -0.160030 0.956037 1.051717
v -0.079715 1.263091 1.012769
v -0.077430 1.440041 0.806918
v -0.090174 1.482317 0.855623
v -0.105994 1.329148 1.043560
v -0.149663 1.535088 0.587667
v -0.144429 1.564613 0.629754
v -0.233859 1.490611 0.385920
v -0.227353 1.508135 0.423143
v -0.139370 1.175863 1.131408
v -0.108698 1.132559 1.089611
v -0.060716 1.200538 0.985700
v -0.039959 1.187253 0.947179
v -0.158563 1.019928 1.099761
v -0.158835 1.061282 1.127911
v -0.162755 0.937644 1.144463
v -0.178852 0.873649 1.098359
v -0.157127 0.815610 1.086405
v -0.137033 0.863305 1.118618
v -0.023345 1.008152 0.953226
v 0.004794 0.977005 0.905709
v 0.044228 1.082474 0.818291
v -0.019636 0.837537 0.915151
v -0.046124 0.868330 0.964202
v -0.178300 0.677729 0.926776
v -0.095196 0.660807 0.859366
v -0.088240 0.597867 0.869890
v -0.140186 0.616674 0.936550
v 0.135090 0.916242 0.750057
v 0.161066 1.031804 0.682778
v 0.137623 0.769142 0.737704
v 0.098452 0.610023 0.708664
v 0.111289 0.573319 0.741122
v 0.576021 0.995710 0.614964
v 0.581268 1.153351 0.577563
v 0.617303 1.210252 0.565730
v 0.581955 0.837663 0.653325
v 0.608682 0.698817 0.641054
v 0.598475 0.664716 0.712247
v -0.062917 1.391302 0.752819
v -0.072514 1.423607 0.788439
v -0.158809 1.466502 0.500199
v -0.154441 1.503812 0.546235
v -0.245460 1.459017 0.319278
v -0.239676 1.474802 0.352502
v -0.003258 1.324185 0.647826
v -0.133072 1.399773 0.406267
v -0.243172 1.365462 0.156139
v 0.110244 1.278540 0.526155
v -0.030190 1.356398 0.291288
v -0.181283 1.352402 0.064611
v 0.459253 1.413090 0.468358
v 0.417344 1.381511 0.462728
v 0.264598 1.503151 0.294600
v 0.233507 1.480437 0.278659
v 0.156395 1.481644 0.154089
v 0.123624 1.467189 0.138159
v -0.127538 0.769062 1.081593
v -0.134702 0.801276 1.098201
v -0.097394 0.653641 1.011476
v -0.109266 0.683387 1.034009
v -0.046594 0.553812 0.915976
v -0.062581 0.571470 0.946899
v 0.078118 0.552911 0.794666
v 0.010441 0.531093 0.865398
v 0.129682 0.542686 0.774829
v 0.268351 0.543196 0.685522
v 0.167000 0.537344 0.731134
v 0.440479 0.556026 0.768571
v 0.496347 0.622476 0.776106
v 0.541912 0.692732 0.774663
v 0.620954 0.823725 0.750864
v 0.586149 0.765003 0.770281
v 0.660553 0.893784 0.725169
v 0.677058 0.920407 0.697169
v 0.698222 0.954616 0.659144
v 0.714273 1.033006 0.610558
v 0.690678 1.122299 0.584597
v 0.657556 1.270172 0.551650
v 0.501216 1.443884 0.474368
v 0.325529 1.545102 0.326420
v 0.192924 1.498020 0.170228
v -0.808112 0.629364 0.609600
v -0.867984 0.688787 0.621868
v -0.842949 0.597583 0.513499
v -0.793788 0.563974 0.506297
v -0.911328 0.806151 0.613452
v -0.935675 0.931714 0.591583
v -0.917650 0.861871 0.487149
v -0.901536 0.726993 0.504995
v -0.915931 0.989109 0.461160
v -0.834156 1.249004 0.361378
v -0.771556 1.187378 0.307392
v -0.838391 0.960493 0.350886
v -0.617956 1.411065 0.278928
v -0.559500 1.377141 0.242565
v -0.451443 1.446590 0.190057
v -0.371687 1.409273 0.165998
v -0.735098 0.459413 0.325575
v -0.763629 0.497302 0.327024
v -0.764172 0.481088 0.280280
v -0.738712 0.428649 0.270935
v -0.820261 0.637436 0.342391
v -0.829481 0.774725 0.323268
v -0.823227 0.754084 0.271224
v -0.815377 0.610491 0.281079
v -0.822264 0.894779 0.253977
v -0.752898 1.183430 0.219512
v -0.725940 1.159257 0.145190
v -0.759937 0.961951 0.153165
v -0.522008 1.352165 0.180879
v -0.479091 1.327770 0.109582
v -0.336607 1.394095 0.112672
v -0.290049 1.370353 0.061725
v -0.721512 0.361484 0.114668
v -0.740606 0.430222 0.118345
v -0.706695 0.451451 0.054250
v -0.696905 0.353447 0.055763
v -0.775761 0.593064 0.123137
v -0.776156 0.749736 0.120791
v -0.742008 0.779327 0.053739
v -0.735066 0.615210 0.054309
v -0.784431 0.915559 0.018629
v -0.731443 1.146509 0.000905
v -0.739680 1.157652 -0.028997
v -0.829320 0.908224 -0.031182
v -0.486280 1.327257 -0.004796
v -0.490615 1.326854 -0.035708
v -0.290530 1.376680 -0.000563
v -0.290913 1.379312 -0.025387
v -0.774667 0.356783 -0.095052
v -0.801458 0.427557 -0.099844
v -0.817687 0.445985 -0.154232
v -0.798095 0.382354 -0.154639
v -0.828806 0.593870 -0.097602
v -0.836561 0.740897 -0.089998
v -0.859686 0.753886 -0.139859
v -0.850737 0.608678 -0.150274
v -0.855852 0.893756 -0.111592
v -0.777014 1.180020 -0.099620
v -0.802442 1.173572 -0.182763
v -0.784650 0.982579 -0.228222
v -0.534436 1.345480 -0.088365
v -0.589932 1.371010 -0.155761
v -0.337640 1.426978 -0.063849
v -0.380078 1.469966 -0.097807
v -0.771616 0.494969 -0.324954
v -0.803398 0.565359 -0.325966
v -0.870184 0.581300 -0.374427
v -0.843984 0.519312 -0.376245
v -0.838862 0.706951 -0.308632
v -0.849816 0.839881 -0.290615
v -0.928512 0.853587 -0.343416
v -0.915639 0.720977 -0.363752
v -0.979536 1.031413 -0.345094
v -0.912161 1.270773 -0.252488
v -0.946522 1.297627 -0.279698
v -1.032693 1.093004 -0.375424
v -0.710257 1.426946 -0.213990
v -0.739782 1.456461 -0.258854
v -0.473082 1.507344 -0.168124
v -0.514101 1.514987 -0.197080
v -1.051472 0.934729 -0.435628
v -0.988020 0.888814 -0.385670
v -0.936563 0.987002 -0.322303
v -0.853330 0.984964 -0.270781
v -0.962382 0.753464 -0.402194
v -1.032207 0.806621 -0.461424
v -0.995870 0.675057 -0.473505
v -0.927743 0.622822 -0.419818
v -0.913354 0.566797 -0.425730
v -0.962844 0.601405 -0.460176
v -0.794495 0.831411 -0.253704
v -0.839296 0.902775 -0.060878
v -0.784372 0.697858 -0.269481
v -0.738059 0.548755 -0.277276
v -0.723462 0.488245 -0.277572
v -0.814532 0.728240 -0.039996
v -0.780094 0.750900 0.003090
v -0.752201 0.920572 0.055394
v -0.756481 0.948046 0.119557
v -0.777806 0.595815 0.001669
v -0.811139 0.577981 -0.044355
v -0.784085 0.409415 -0.045595
v -0.746278 0.430651 0.004432
v -0.730271 0.345609 -0.004465
v -0.756222 0.339493 -0.052949
v -0.797258 0.728702 0.165437
v -0.831573 0.927266 0.302580
v -0.799763 0.578609 0.172119
v -0.768995 0.411386 0.173624
v -0.741050 0.368305 0.161634
v -0.835999 0.795971 0.375348
v -0.930244 1.087935 0.529354
v -0.825614 0.658432 0.389411
v -0.766059 0.520729 0.398093
v -0.732147 0.494236 0.388117
v -0.845147 1.213083 -0.206870
v -0.877407 1.244576 -0.225316
v -0.613984 1.382768 -0.166416
v -0.651900 1.401482 -0.182822
v -0.419330 1.476200 -0.135261
v -0.454147 1.492320 -0.157238
v -0.758332 1.169475 -0.064325
v -0.510802 1.335482 -0.059958
v -0.316543 1.405693 -0.046970
v -0.720805 1.139899 0.086859
v -0.719473 1.129472 0.047224
v -0.480173 1.327628 0.062884
v -0.481621 1.327442 0.036524
v -0.290134 1.372015 0.045089
v -0.290278 1.374113 0.024338
v -0.763256 1.185723 0.267207
v -0.535023 1.360390 0.202507
v -0.355373 1.395951 0.148844
v -0.892494 1.300357 0.423675
v -0.709125 1.463628 0.333790
v -0.504301 1.466919 0.215071
v -0.891044 0.510320 -0.423950
v -0.939746 0.551971 -0.450949
v -0.750534 0.422166 -0.333208
v -0.812396 0.442505 -0.378185
v -0.757939 0.282348 -0.156126
v -0.702885 0.408872 -0.277950
v -0.736713 0.267554 -0.109500
v -0.699438 0.263120 -0.003169
v -0.714257 0.253606 -0.063039
v -0.691651 0.291508 0.100562
v -0.683923 0.272868 0.056609
v -0.695449 0.355337 0.256596
v -0.697363 0.311438 0.161544
v -0.674079 0.409129 0.328429
v -0.728796 0.519347 0.496836
v -0.661439 0.439340 0.367497
v -0.769352 0.592554 0.601701
v -0.542051 1.015623 -1.168200
v -0.550602 1.096525 -1.161216
v -0.437680 1.024434 -1.192808
v -0.435124 0.964273 -1.188989
v -0.548792 1.193555 -1.100978
v -0.538020 1.280334 -1.020935
v -0.431850 1.224136 -1.034905
v -0.435417 1.140561 -1.128087
v -0.409763 1.291029 -0.935926
v -0.369253 1.365808 -0.700859
v -0.325292 1.329306 -0.667460
v -0.328374 1.208668 -0.872367
v -0.358665 1.443687 -0.443151
v -0.315129 1.412161 -0.383057
v -0.351934 1.504538 -0.273446
v -0.329632 1.454959 -0.159158
v -0.256514 0.837541 -1.186758
v -0.257596 0.886323 -1.178175
v -0.210269 0.871023 -1.176066
v -0.199000 0.815044 -1.194543
v -0.280666 1.022648 -1.113709
v -0.278719 1.106017 -1.008995
v -0.226453 1.088711 -1.010858
v -0.218271 0.999491 -1.117992
v -0.229163 1.156034 -0.889760
v -0.243815 1.314232 -0.634362
v -0.175832 1.281168 -0.605809
v -0.152346 1.134543 -0.773755
v -0.274189 1.385461 -0.332150
v -0.216441 1.355220 -0.297191
v -0.293657 1.412410 -0.105616
v -0.244914 1.355293 -0.034203
v -0.041029 0.748217 -1.196636
v -0.051260 0.805772 -1.154209
v 0.001507 0.789397 -1.102629
v 0.012989 0.719831 -1.176099
v -0.071413 0.940088 -1.058930
v -0.088406 1.037700 -0.953515
v -0.033607 1.021245 -0.895481
v -0.015349 0.922918 -1.002418
v -0.010262 1.119076 -0.798603
v -0.033767 1.268770 -0.580257
v -0.003747 1.280111 -0.575455
v 0.047679 1.147092 -0.819135
v -0.100940 1.355620 -0.285585
v -0.070218 1.355412 -0.279996
v -0.165926 1.354347 -0.020559
v -0.134567 1.354163 -0.014982
v 0.173541 0.777303 -1.185670
v 0.173295 0.842697 -1.148776
v 0.227157 0.866797 -1.136916
v 0.232557 0.810561 -1.170130
v 0.154620 0.974023 -1.052469
v 0.129053 1.066834 -0.947826
v 0.180099 1.086213 -0.939146
v 0.208001 0.996871 -1.042801
v 0.132912 1.153935 -0.828863
v 0.071374 1.312773 -0.579008
v 0.158184 1.313813 -0.581643
v 0.219588 1.148084 -0.680546
v -0.009540 1.387022 -0.301956
v 0.067847 1.427045 -0.328885
v -0.069317 1.405217 -0.063598
v -0.014188 1.448894 -0.104630
v 0.378705 0.847366 -1.041692
v 0.375779 0.914491 -1.006290
v 0.433020 0.973601 -1.020976
v 0.438521 0.917636 -1.053202
v 0.346083 1.023648 -0.920645
v 0.312858 1.106703 -0.827139
v 0.378198 1.169967 -0.856681
v 0.412434 1.086159 -0.943194
v 0.369424 1.313440 -0.767756
v 0.242754 1.449676 -0.610411
v 0.274950 1.487562 -0.620854
v 0.404272 1.390114 -0.765795
v 0.141245 1.512792 -0.410028
v 0.169854 1.546110 -0.440969
v 0.051096 1.509317 -0.202870
v 0.070662 1.532877 -0.241001
v 0.482998 1.299890 -0.860541
v 0.426612 1.229987 -0.858464
v 0.342932 1.255152 -0.769246
v 0.275376 1.196510 -0.720665
v 0.454648 1.136113 -0.938878
v 0.519469 1.212820 -0.932251
v 0.540350 1.113918 -1.000102
v 0.482162 1.037847 -1.011419
v 0.492795 0.996088 -1.044457
v 0.530762 1.050970 -1.038340
v 0.267132 1.062430 -0.806466
v 0.079237 1.149586 -0.822720
v 0.298961 0.979253 -0.904631
v 0.318538 0.855382 -0.991604
v 0.324498 0.806854 -1.028235
v 0.078077 1.047412 -0.956493
v 0.026596 1.035363 -0.928380
v -0.052887 1.098448 -0.783490
v -0.118275 1.122178 -0.777090
v 0.047155 0.938050 -1.034419
v 0.101238 0.951174 -1.062137
v 0.119493 0.818562 -1.160624
v 0.060478 0.803993 -1.131632
v 0.078842 0.738556 -1.187512
v 0.131614 0.753674 -1.196711
v -0.125051 1.048703 -0.992325
v -0.278769 1.182351 -0.881063
v -0.111890 0.952484 -1.099731
v -0.096866 0.819925 -1.198791
v -0.084132 0.770868 -1.213024
v -0.330986 1.123323 -1.007133
v -0.563252 1.361275 -0.879318
v -0.328296 1.040325 -1.110439
v -0.329095 0.909436 -1.181362
v -0.322151 0.863216 -1.177874
v 0.187875 1.369355 -0.592032
v 0.210560 1.411790 -0.599968
v 0.083786 1.445878 -0.347887
v 0.107935 1.474003 -0.374006
v 0.016223 1.474269 -0.148320
v 0.039299 1.496473 -0.182868
v 0.033815 1.296441 -0.577231
v -0.042250 1.369987 -0.290202
v -0.097938 1.382654 -0.042263
v -0.119003 1.263389 -0.595039
v -0.080170 1.251240 -0.587679
v -0.168349 1.355856 -0.296035
v -0.142040 1.355830 -0.292489
v -0.223668 1.354898 -0.030628
v -0.197354 1.354580 -0.026095
v -0.288009 1.322408 -0.652315
v -0.288853 1.394787 -0.349264
v -0.312955 1.435203 -0.134432
v -0.489051 1.386768 -0.727458
v -0.369529 1.480051 -0.540877
v -0.341630 1.515579 -0.354229
v 0.494723 0.947780 -1.075478
v 0.524155 1.007586 -1.064694
v 0.393199 0.785990 -1.083269
v 0.445409 0.847570 -1.093547
v 0.241379 0.718654 -1.224415
v 0.332359 0.741088 -1.076241
v 0.194355 0.694274 -1.233839
v 0.084936 0.665929 -1.240237
v 0.147331 0.669894 -1.243263
v -0.021822 0.681846 -1.235148
v 0.022540 0.661965 -1.237212
v -0.182492 0.733041 -1.221611
v -0.083239 0.701866 -1.235221
v -0.263541 0.755252 -1.188630
v -0.431661 0.882707 -1.183811
v -0.307748 0.767367 -1.170641
v -0.536493 0.963045 -1.172739
v -0.611133 2.418702 -0.122344
v -0.711055 2.375598 -0.135685
v -0.507040 2.455013 -0.278145
v -0.455683 2.482418 -0.196550
v -0.826303 2.255074 -0.257692
v -0.817382 2.148715 -0.227953
v -0.682703 2.168718 -0.469012
v -0.642481 2.303855 -0.438168
v -0.797766 2.068880 -0.205317
v -0.675845 1.882021 -0.172894
v -0.641204 1.814583 -0.261418
v -0.710636 2.023397 -0.468623
v -0.586003 1.726356 -0.054749
v -0.540980 1.631891 -0.079278
v -0.520009 1.597600 0.063944
v -0.429071 1.484535 0.068382
v -0.325523 2.530441 -0.228269
v -0.393459 2.499483 -0.330319
v -0.279684 2.539130 -0.397917
v -0.187116 2.576432 -0.242386
v -0.568282 2.311890 -0.519973
v -0.619474 2.140335 -0.553533
v -0.537943 2.147323 -0.646932
v -0.470118 2.326633 -0.622939
v -0.645599 2.001338 -0.548138
v -0.608374 1.739621 -0.331039
v -0.558887 1.676352 -0.388455
v -0.580094 1.980816 -0.627816
v -0.486848 1.552411 -0.108917
v -0.422248 1.515820 -0.155912
v -0.342389 1.428124 0.041902
v -0.256431 1.374232 0.032605
v -0.099825 2.545317 -0.286876
v -0.188854 2.506371 -0.444960
v -0.094731 2.471787 -0.494960
v -0.000779 2.510011 -0.337357
v -0.371896 2.291622 -0.673001
v -0.446749 2.110992 -0.693949
v -0.365270 2.080846 -0.735628
v -0.283783 2.260212 -0.717910
v -0.492966 1.949760 -0.672222
v -0.491654 1.652599 -0.423436
v -0.407572 1.622643 -0.466308
v -0.416513 1.922507 -0.711189
v -0.373001 1.500615 -0.196775
v -0.323265 1.498271 -0.240814
v -0.236440 1.362881 0.007518
v -0.223389 1.389801 -0.053286
v 0.053079 2.384673 -0.426246
v -0.010529 2.346163 -0.537483
v 0.041761 2.248170 -0.577788
v 0.103324 2.283155 -0.481465
v -0.157250 2.159226 -0.722127
v -0.250225 2.002740 -0.735285
v -0.164071 1.969758 -0.736230
v -0.083473 2.104593 -0.723082
v -0.306101 1.880085 -0.715360
v -0.317161 1.625069 -0.491052
v -0.224945 1.675273 -0.498437
v -0.219897 1.848469 -0.718743
v -0.275657 1.500717 -0.267110
v -0.215908 1.560786 -0.310656
v -0.206723 1.435823 -0.125202
v -0.187953 1.486248 -0.176795
v 0.138149 2.103087 -0.617751
v 0.129474 2.174201 -0.558051
v 0.060143 1.849961 -0.692843
v 0.105377 1.922968 -0.732551
v -0.127788 1.709191 -0.483931
v 0.003793 1.802135 -0.635059
v -0.173839 1.611737 -0.340754
v -0.177311 1.540172 -0.239983
v -0.752571 2.312111 -0.219041
v -0.580585 2.386367 -0.374433
v -0.479744 2.425471 -0.436773
v -0.379296 2.449395 -0.530599
v -0.279257 2.421604 -0.572596
v -0.195952 2.379560 -0.629056
v -0.089752 2.261727 -0.648864
v -0.019786 2.189156 -0.657266
v 0.127677 1.989783 -0.677038
v 0.257210 2.104142 0.143604
v 0.272829 2.123816 0.189544
v 0.085862 2.201063 0.064169
v 0.110272 2.132542 0.003075
v 0.199996 2.150835 0.402058
v 0.151534 2.077842 0.438015
v -0.059292 2.224162 0.407633
v 0.002570 2.278765 0.288820
v 0.116421 2.010506 0.451169
v 0.012986 1.873681 0.391527
v -0.127042 1.834313 0.510594
v -0.112864 2.127931 0.507599
v -0.054259 1.776614 0.330542
v -0.124397 1.626887 0.414032
v -0.065214 1.666575 0.311162
v -0.131860 1.503539 0.257458
v 0.036415 2.138456 -0.116971
v 0.009514 2.232162 -0.039204
v -0.076911 2.271256 -0.139897
v -0.053934 2.167975 -0.189590
v -0.087292 2.330334 0.249548
v -0.163816 2.255783 0.402832
v -0.266983 2.314752 0.365640
v -0.200440 2.396921 0.192196
v -0.213092 2.158172 0.498492
v -0.221048 1.818319 0.511243
v -0.314851 1.800603 0.511508
v -0.312873 2.189826 0.487993
v -0.213580 1.567687 0.396229
v -0.274717 1.522572 0.381816
v -0.177312 1.412724 0.175143
v -0.217399 1.326488 0.046470
v -0.151350 2.166384 -0.239977
v -0.178174 2.267999 -0.175553
v -0.287698 2.263183 -0.203964
v -0.270967 2.178566 -0.244302
v -0.309279 2.392883 0.153239
v -0.370322 2.308811 0.331965
v -0.461265 2.304827 0.300366
v -0.406916 2.389262 0.118292
v -0.409418 2.186245 0.453436
v -0.388761 1.797861 0.485052
v -0.481946 1.794404 0.451699
v -0.494133 2.183102 0.423115
v -0.343752 1.519708 0.357067
v -0.413019 1.516889 0.332351
v -0.225415 1.326202 0.043606
v -0.237288 1.325789 0.039373
v -0.399728 2.159971 -0.224791
v -0.430508 2.218617 -0.177900
v -0.539008 2.189156 -0.143479
v -0.516202 2.140586 -0.198378
v -0.541703 2.304085 0.088481
v -0.572093 2.231864 0.257741
v -0.642747 2.195561 0.210819
v -0.616854 2.255785 0.067107
v -0.585800 2.140006 0.361813
v -0.555237 1.805921 0.391625
v -0.626216 1.818162 0.327212
v -0.656642 2.107758 0.312963
v -0.489794 1.567141 0.294961
v -0.539956 1.639936 0.239188
v -0.378758 1.432652 0.125528
v -0.445189 1.491606 0.146755
v -0.674353 2.151241 -0.135305
v -0.621514 2.120219 -0.189926
v -0.725169 2.105088 0.129522
v -0.731901 2.155241 0.034398
v -0.661588 1.834212 0.210554
v -0.731393 1.996508 0.178541
v -0.573158 1.702594 0.190613
v -0.520933 1.622748 0.148781
v 0.263234 2.149175 0.267841
v 0.043264 2.262262 0.176837
v -0.034527 2.307445 0.090270
v -0.137165 2.368989 0.018309
v -0.238619 2.361570 -0.028654
v -0.345614 2.363224 -0.050272
v -0.487494 2.288939 -0.045312
v -0.575040 2.238312 -0.047905
v -0.742011 2.159554 -0.072092
v 0.128561 2.292491 -0.455976
v 0.149702 2.280646 -0.492835
v 0.266053 2.353416 -0.344401
v 0.182787 2.358931 -0.281266
v 0.201139 2.224558 -0.602239
v 0.192252 2.164093 -0.575160
v 0.423647 2.147680 -0.476150
v 0.399378 2.266238 -0.460832
v 0.179842 2.075816 -0.536608
v 0.183616 1.921508 -0.346594
v 0.280307 1.787396 -0.362054
v 0.434929 2.034193 -0.487374
v 0.127948 1.816125 -0.261743
v 0.156885 1.608929 -0.252140
v 0.068565 1.682858 -0.234648
v 0.002429 1.517891 -0.175722
v 0.215345 2.418546 -0.176311
v 0.306561 2.429244 -0.236658
v 0.392694 2.442978 -0.143489
v 0.257096 2.438071 -0.043020
v 0.481229 2.306186 -0.375722
v 0.520665 2.136988 -0.418890
v 0.616552 2.121265 -0.363527
v 0.597526 2.328882 -0.316316
v 0.524957 2.023092 -0.433867
v 0.333641 1.746380 -0.302165
v 0.397409 1.704186 -0.249760
v 0.614624 2.012434 -0.380043
v 0.173111 1.560666 -0.200943
v 0.192221 1.494827 -0.126063
v -0.066111 1.457151 -0.116186
v -0.185151 1.358481 -0.001959
v 0.339741 2.441655 0.049675
v 0.466271 2.454145 -0.037776
v 0.526743 2.405520 0.026338
v 0.384987 2.398874 0.131141
v 0.661772 2.310918 -0.199697
v 0.679125 2.113225 -0.273784
v 0.732513 2.089583 -0.202099
v 0.724249 2.292250 -0.140955
v 0.669834 1.995883 -0.302867
v 0.451382 1.691724 -0.183875
v 0.504420 1.679541 -0.112467
v 0.724910 1.979304 -0.225618
v 0.212739 1.489438 -0.073089
v 0.243092 1.481387 0.007742
v -0.183722 1.357981 0.006079
v -0.181468 1.357191 0.018744
v 0.489170 2.343718 0.199485
v 0.589467 2.346176 0.122065
v 0.661616 2.242185 0.170165
v 0.562706 2.279241 0.249878
v 0.737051 2.226597 -0.014215
v 0.753350 2.052287 -0.101362
v 0.775357 2.029695 0.008038
v 0.778890 2.156287 0.065681
v 0.743347 1.958735 -0.132950
v 0.541782 1.693803 -0.041315
v 0.584188 1.713454 0.058925
v 0.765080 1.935050 -0.023575
v 0.274474 1.516049 0.062207
v 0.324048 1.565711 0.141110
v -0.045215 1.434931 0.084948
v 0.071579 1.495920 0.142238
v 0.734382 2.127719 0.313893
v 0.694932 2.136044 0.320953
v 0.770894 1.973202 0.253585
v 0.829744 2.048082 0.278977
v 0.544981 1.830677 0.186178
v 0.730324 1.911567 0.236360
v 0.380436 1.752536 0.203126
v 0.228503 1.639972 0.206500
v 0.171434 2.264751 -0.537240
v 0.349708 2.328393 -0.411042
v 0.404287 2.381975 -0.310771
v 0.534420 2.393537 -0.256981
v 0.603463 2.383997 -0.145852
v 0.674813 2.353797 -0.092218
v 0.696079 2.290229 0.030885
v 0.741614 2.215334 0.105896
v 0.757761 2.109522 0.307902
v -0.272202 1.056296 0.066326
v -0.260413 1.044055 -0.005613
v -0.162588 1.318140 -0.013089
v -0.173097 1.330718 0.070059
v -0.317343 1.076633 -0.022480
v -0.225407 1.352501 -0.033469
v -0.347072 1.098798 0.041291
v -0.263042 1.379318 0.038497
v -0.326172 1.088838 0.074307
v -0.237952 1.368129 0.077839
v -0.670392 -2.568933 0.262524
v -0.683392 -2.555272 0.319497
v -0.512452 0.106307 0.091713
v -0.493948 0.090845 0.040033
v -0.669142 -2.564614 0.345279
v -0.497422 0.097741 0.116398
v -0.626796 -2.592411 0.340657
v -0.456955 0.071180 0.111352
v -0.609494 -2.606726 0.274896
v -0.445168 0.060280 0.053490
v 0.716378 0.832726 0.700371
v 0.731209 0.874740 0.633617
v 0.670288 0.755681 0.626137
v 0.695696 0.749773 0.707247
v 0.724323 0.979002 0.598369
v 0.667046 1.092843 0.550340
v 0.630807 1.037141 0.578768
v 0.689868 0.909887 0.586160
v 0.514381 1.133820 0.573403
v 0.380287 1.345914 0.449363
v 0.358860 1.328983 0.446966
v 0.463251 1.079841 0.546703
v 0.206234 1.449255 0.255873
v 0.182585 1.429224 0.244985
v 0.071937 1.434645 0.099166
v 0.019048 1.405541 0.065684
v 0.545617 0.601374 0.715921
v 0.538801 0.620531 0.637460
v 0.462128 0.583662 0.639320
v 0.453624 0.547683 0.722877
v 0.537359 0.816495 0.661617
v 0.528831 0.956875 0.624264
v 0.420143 0.894626 0.655792
v 0.447448 0.766343 0.697438
v 0.382903 1.005884 0.595964
v 0.262619 1.294567 0.464480
v 0.179444 1.265761 0.480642
v 0.259455 1.060823 0.626774
v 0.105513 1.388010 0.247307
v 0.029613 1.347516 0.251842
v -0.043911 1.363308 0.050472
v -0.128716 1.342498 0.031188
v 0.250244 0.555164 0.649408
v 0.221325 0.594929 0.594698
v 0.114639 0.591758 0.642477
v 0.139627 0.557863 0.686197
v 0.260594 0.754946 0.642645
v 0.269823 0.893915 0.651625
v 0.170807 0.891537 0.697026
v 0.153194 0.754480 0.685767
v 0.116041 1.070128 0.708454
v 0.061709 1.277043 0.556310
v 0.031728 1.282250 0.582452
v 0.094102 1.078482 0.734939
v -0.064291 1.346502 0.311702
v -0.099195 1.347208 0.334379
v -0.207102 1.342513 0.081115
v -0.233906 1.342615 0.098309
v 0.059099 0.580718 0.760629
v 0.048118 0.633714 0.737435
v -0.039852 0.651213 0.804402
v -0.040160 0.576330 0.798700
v 0.070470 0.769289 0.755561
v 0.090507 0.909601 0.762750
v 0.023952 0.947312 0.850988
v 0.003635 0.807484 0.852708
v 0.004662 1.127717 0.858046
v -0.038908 1.339713 0.687427
v -0.063504 1.358583 0.722127
v -0.022232 1.166652 0.892330
v -0.154738 1.412592 0.440887
v -0.168616 1.431846 0.468931
v -0.258131 1.391933 0.211152
v -0.265065 1.415551 0.246165
v -0.159556 0.650212 0.972045
v -0.193114 0.703459 0.948506
v -0.212406 0.792091 1.031480
v -0.190341 0.752531 1.049001
v -0.091524 0.902096 0.988007
v -0.048704 1.034599 0.978141
v -0.087445 1.089664 1.040048
v -0.168316 0.958806 1.046853
v -0.088989 1.261584 1.009345
v -0.087131 1.437613 0.806868
v -0.099868 1.479956 0.854958
v -0.115309 1.327515 1.040311
v -0.158179 1.530923 0.590850
v -0.153628 1.561242 0.631757
v -0.241444 1.485625 0.390116
v -0.234560 1.502694 0.427438
v -0.147724 1.175945 1.125912
v -0.116953 1.133404 1.084032
v -0.069907 1.199038 0.982056
v -0.049177 1.185236 0.943870
v -0.167839 1.022201 1.096796
v -0.167420 1.063268 1.123185
v -0.172463 0.937600 1.146860
v -0.187707 0.872450 1.102847
v -0.162980 0.812061 1.093696
v -0.142012 0.859427 1.126375
v -0.031543 1.008211 0.947500
v -0.003782 0.977105 0.900568
v 0.035692 1.080210 0.813600
v -0.026774 0.840489 0.908801
v -0.052675 0.871166 0.957200
v -0.187327 0.676837 0.922567
v -0.101954 0.662045 0.852100
v -0.095194 0.592372 0.865259
v -0.147613 0.609988 0.936905
v 0.128496 0.915553 0.742571
v 0.155258 1.028439 0.675367
v 0.131066 0.770859 0.730352
v 0.090586 0.607857 0.702883
v 0.105514 0.566360 0.736854
v 0.575102 0.993334 0.605295
v 0.580608 1.150881 0.567896
v 0.618709 1.208465 0.555992
v 0.579193 0.836436 0.643793
v 0.611597 0.694151 0.632704
v 0.605606 0.658298 0.715069
v -0.072339 1.387953 0.752944
v -0.082144 1.420917 0.788568
v -0.167323 1.462375 0.503438
v -0.162991 1.499759 0.549471
v -0.253396 1.454358 0.323192
v -0.247551 1.470190 0.356589
v -0.010805 1.317774 0.646435
v -0.138688 1.391751 0.408294
v -0.247207 1.356727 0.158861
v 0.106654 1.270342 0.521694
v -0.031091 1.346486 0.290319
v -0.181186 1.342403 0.064729
v 0.463027 1.409928 0.459655
v 0.421071 1.377773 0.454235
v 0.270429 1.497352 0.288912
v 0.239342 1.474761 0.272852
v 0.162385 1.474526 0.150422
v 0.129796 1.460654 0.133779
v -0.132137 0.764611 1.089277
v -0.140701 0.797834 1.105423
v -0.102378 0.647319 1.017408
v -0.114296 0.677535 1.040369
v -0.052201 0.545728 0.914186
v -0.068291 0.563367 0.948216
v 0.074777 0.545335 0.789059
v 0.006252 0.523028 0.861226
v 0.124753 0.535106 0.770559
v 0.268461 0.533914 0.681805
v 0.163154 0.529026 0.727134
v 0.444603 0.546945 0.769285
v 0.502378 0.616285 0.781134
v 0.547596 0.688407 0.781662
v 0.626564 0.823615 0.759142
v 0.591553 0.762360 0.778269
v 0.666603 0.894668 0.733082
v 0.684918 0.922109 0.703112
v 0.707326 0.956008 0.663040
v 0.722886 1.033592 0.605512
v 0.695050 1.122229 0.575604
v 0.659605 1.268171 0.542069
v 0.504586 1.440935 0.465428
v 0.331033 1.540983 0.319159
v 0.198888 1.490630 0.167097
v -0.802730 0.636710 0.605468
v -0.859537 0.693617 0.619563
v -0.835117 0.603730 0.512561
v -0.788319 0.571826 0.503392
v -0.901602 0.808448 0.613102
v -0.925761 0.932481 0.592642
v -0.908195 0.863021 0.490196
v -0.892091 0.729765 0.506756
v -0.906907 0.989365 0.465461
v -0.827428 1.247837 0.368684
v -0.763957 1.184763 0.313343
v -0.829362 0.960021 0.355159
v -0.613127 1.410088 0.287630
v -0.554185 1.373844 0.250367
v -0.447152 1.446918 0.199083
v -0.367863 1.403404 0.173135
v -0.728470 0.465683 0.321483
v -0.755268 0.502405 0.325013
v -0.755251 0.485196 0.278402
v -0.731281 0.434133 0.267100
v -0.810535 0.639758 0.342294
v -0.819549 0.775231 0.324311
v -0.813420 0.754225 0.273173
v -0.805575 0.612465 0.281229
v -0.812722 0.894031 0.256872
v -0.745023 1.178644 0.223395
v -0.717934 1.154376 0.148664
v -0.750520 0.960594 0.156243
v -0.517487 1.344242 0.184974
v -0.474682 1.319441 0.112926
v -0.333268 1.386093 0.117653
v -0.287372 1.360842 0.063263
v -0.712479 0.364631 0.117585
v -0.731985 0.432119 0.123044
v -0.696877 0.453168 0.053442
v -0.687176 0.355580 0.054872
v -0.767050 0.593941 0.127968
v -0.766909 0.749398 0.124583
v -0.732142 0.779603 0.052132
v -0.725143 0.616137 0.053492
v -0.776419 0.914798 0.012695
v -0.724066 1.141157 -0.003209
v -0.732684 1.152187 -0.033599
v -0.820765 0.907256 -0.036268
v -0.482100 1.318315 -0.006391
v -0.486730 1.318825 -0.040228
v -0.288077 1.367002 -0.001125
v -0.288254 1.370361 -0.028964
v -0.765662 0.360526 -0.097261
v -0.792066 0.430042 -0.102214
v -0.808200 0.448352 -0.152135
v -0.788887 0.385513 -0.152354
v -0.819397 0.595024 -0.100787
v -0.827282 0.741606 -0.093657
v -0.849715 0.754045 -0.139120
v -0.840918 0.610017 -0.148937
v -0.845908 0.892739 -0.111878
v -0.769021 1.174968 -0.102872
v -0.794817 1.171813 -0.188988
v -0.775279 0.982804 -0.231704
v -0.529923 1.339100 -0.094603
v -0.585303 1.365596 -0.162779
v -0.334246 1.421106 -0.071197
v -0.376104 1.464590 -0.105243
v -0.765064 0.497470 -0.332082
v -0.797244 0.567855 -0.333442
v -0.863638 0.584000 -0.381487
v -0.837568 0.522026 -0.383419
v -0.832937 0.708955 -0.316434
v -0.844187 0.841319 -0.298753
v -0.922428 0.855295 -0.351166
v -0.909127 0.723265 -0.370988
v -0.973168 1.032946 -0.352649
v -0.906675 1.269397 -0.260734
v -0.940778 1.296114 -0.287742
v -1.026296 1.094392 -0.382983
v -0.706402 1.422305 -0.221964
v -0.735550 1.451129 -0.266179
v -0.470010 1.502976 -0.176578
v -0.510580 1.508422 -0.203750
v -1.044629 0.936725 -0.442641
v -0.981318 0.890783 -0.392825
v -0.930684 0.988622 -0.330228
v -0.847832 0.986644 -0.278962
v -0.955348 0.755855 -0.408887
v -1.025041 0.809025 -0.467970
v -0.988712 0.677614 -0.480003
v -0.920730 0.625353 -0.426481
v -0.906738 0.569136 -0.432854
v -0.956150 0.603451 -0.467316
v -0.784836 0.831837 -0.256255
v -0.830102 0.901824 -0.064693
v -0.774718 0.699718 -0.271308
v -0.728510 0.551591 -0.278155
v -0.713917 0.491217 -0.277829
v -0.805894 0.728826 -0.045000
v -0.772410 0.751436 -0.003287
v -0.742417 0.919763 0.053494
v -0.746772 0.946837 0.121621
v -0.770072 0.596596 -0.004621
v -0.802331 0.579011 -0.048976
v -0.775380 0.411945 -0.049814
v -0.738497 0.432286 -0.001631
v -0.721928 0.348260 -0.009299
v -0.747657 0.343216 -0.056524
v -0.787821 0.728457 0.168737
v -0.821805 0.926352 0.304515
v -0.790182 0.579998 0.174623
v -0.759756 0.415133 0.174397
v -0.732276 0.373098 0.161830
v -0.826589 0.796884 0.378607
v -0.921031 1.087975 0.533244
v -0.816215 0.661091 0.391553
v -0.758489 0.527170 0.396995
v -0.726351 0.501840 0.385187
v -0.840660 1.213072 -0.215806
v -0.872581 1.243963 -0.234052
v -0.610725 1.379659 -0.175344
v -0.648752 1.398476 -0.191824
v -0.415494 1.471372 -0.143133
v -0.451208 1.488715 -0.166090
v -0.751226 1.164420 -0.069218
v -0.506966 1.328845 -0.066378
v -0.313877 1.399395 -0.054265
v -0.712263 1.134915 0.088336
v -0.710869 1.124617 0.045675
v -0.475892 1.318608 0.063431
v -0.477291 1.318448 0.035936
v -0.287893 1.362278 0.044710
v -0.287935 1.364405 0.023838
v -0.755021 1.181112 0.270511
v -0.530095 1.352966 0.207046
v -0.352215 1.387380 0.152913
v -0.885155 1.299396 0.430399
v -0.703989 1.462061 0.342226
v -0.499427 1.466983 0.223803
v -0.884511 0.512846 -0.431086
v -0.933531 0.553845 -0.458555
v -0.743627 0.424663 -0.339994
v -0.806111 0.445187 -0.385486
v -0.748686 0.286075 -0.155424
v -0.693604 0.411911 -0.275798
v -0.727930 0.271687 -0.111903
v -0.690755 0.266242 -0.007023
v -0.705688 0.257675 -0.066201
v -0.682396 0.294818 0.102401
v -0.674356 0.275383 0.055150
v -0.688097 0.361001 0.252873
v -0.688894 0.316706 0.160826
v -0.668381 0.415496 0.323234
v -0.723324 0.527340 0.494352
v -0.656340 0.446711 0.363063
v -0.763990 0.600163 0.598048
v -0.539983 1.015647 -1.158416
v -0.550306 1.092818 -1.151933
v -0.438965 1.021979 -1.183200
v -0.434399 0.964645 -1.179022
v -0.550361 1.187279 -1.093353
v -0.540485 1.272556 -1.015154
v -0.436591 1.217346 -1.029301
v -0.439100 1.134834 -1.120764
v -0.414999 1.283642 -0.931683
v -0.375790 1.359051 -0.697452
v -0.331318 1.322028 -0.664187
v -0.333992 1.201686 -0.867929
v -0.367958 1.440428 -0.441415
v -0.322272 1.405363 -0.381396
v -0.361152 1.500795 -0.272436
v -0.337132 1.448395 -0.158353
v -0.255363 0.836426 -1.176887
v -0.258324 0.883412 -1.168636
v -0.211303 0.867166 -1.166898
v -0.198022 0.812632 -1.184887
v -0.282623 1.016481 -1.106084
v -0.281404 1.098101 -1.003507
v -0.230097 1.080874 -1.005828
v -0.220787 0.993409 -1.110463
v -0.233596 1.148077 -0.885633
v -0.248624 1.306026 -0.631275
v -0.180147 1.272846 -0.602328
v -0.157168 1.126977 -0.769339
v -0.280071 1.377419 -0.331305
v -0.219946 1.345890 -0.296380
v -0.300172 1.404824 -0.105629
v -0.247200 1.345559 -0.034276
v -0.045963 0.742916 -1.189740
v -0.057783 0.800660 -1.148614
v 0.000257 0.782995 -1.095050
v 0.011808 0.713116 -1.168785
v -0.078130 0.934614 -1.053940
v -0.093925 1.030376 -0.949527
v -0.033816 1.013158 -0.889603
v -0.016481 0.916081 -0.995209
v -0.005822 1.112066 -0.793022
v -0.031077 1.260192 -0.575877
v -0.000534 1.271601 -0.571303
v 0.051132 1.139540 -0.813564
v -0.100316 1.345762 -0.284029
v -0.066935 1.346165 -0.278071
v -0.165977 1.344348 -0.020618
v -0.132388 1.344419 -0.014442
v 0.174040 0.772400 -1.176969
v 0.173954 0.837317 -1.140373
v 0.223165 0.861336 -1.129552
v 0.228536 0.805499 -1.162501
v 0.155938 0.967511 -1.044995
v 0.130757 1.059285 -0.941493
v 0.177337 1.078138 -0.933934
v 0.204559 0.990146 -1.036250
v 0.131204 1.145452 -0.823851
v 0.072966 1.304142 -0.574216
v 0.162153 1.307618 -0.574871
v 0.220830 1.141212 -0.673388
v -0.004492 1.378932 -0.298949
v 0.074631 1.420815 -0.324992
v -0.063274 1.397530 -0.061503
v -0.007524 1.441966 -0.101878
v 0.384142 0.843381 -1.034306
v 0.381569 0.910637 -0.999105
v 0.438241 0.969483 -1.013507
v 0.443903 0.913711 -1.045744
v 0.352345 1.019542 -0.914018
v 0.319682 1.102584 -0.821100
v 0.384464 1.165790 -0.850102
v 0.417945 1.081817 -0.936069
v 0.375359 1.310123 -0.760422
v 0.249729 1.446345 -0.604067
v 0.281755 1.484333 -0.614276
v 0.410152 1.386911 -0.758368
v 0.149567 1.509515 -0.405555
v 0.177847 1.542806 -0.435951
v 0.059735 1.505863 -0.199206
v 0.079455 1.530266 -0.237019
v 0.488423 1.295992 -0.853100
v 0.432195 1.225867 -0.851263
v 0.349431 1.251842 -0.762405
v 0.282304 1.193532 -0.714098
v 0.459525 1.131583 -0.931416
v 0.524318 1.208384 -0.924714
v 0.544940 1.109383 -0.992462
v 0.486907 1.033275 -1.003897
v 0.498106 0.991635 -1.037248
v 0.536120 1.046257 -1.031335
v 0.267775 1.054559 -0.800332
v 0.081306 1.141584 -0.817091
v 0.298517 0.972460 -0.897306
v 0.317173 0.849684 -0.983500
v 0.322713 0.801316 -1.020102
v 0.081388 1.040486 -0.950085
v 0.031469 1.029069 -0.922327
v -0.052682 1.090188 -0.777858
v -0.121895 1.114098 -0.772441
v 0.051998 0.932643 -1.027541
v 0.104284 0.945205 -1.054715
v 0.122012 0.813474 -1.152392
v 0.064862 0.798866 -1.124250
v 0.081745 0.733040 -1.179693
v 0.133303 0.748759 -1.188167
v -0.130242 1.041364 -0.987945
v -0.281986 1.174226 -0.876202
v -0.116821 0.946604 -1.093320
v -0.100288 0.815465 -1.190521
v -0.086824 0.766813 -1.204288
v -0.336020 1.116418 -1.001939
v -0.565938 1.352458 -0.875439
v -0.332362 1.034606 -1.103314
v -0.330454 0.907626 -1.171622
v -0.321856 0.863441 -1.167881
v 0.195457 1.366690 -0.586082
v 0.217898 1.408691 -0.593923
v 0.092211 1.442291 -0.343867
v 0.116319 1.470451 -0.369872
v 0.024728 1.470319 -0.144848
v 0.047864 1.492688 -0.179362
v 0.037351 1.288174 -0.572854
v -0.036924 1.361925 -0.287628
v -0.091855 1.374900 -0.040569
v -0.121482 1.254699 -0.590757
v -0.080063 1.242446 -0.582919
v -0.169407 1.345998 -0.294735
v -0.142330 1.345950 -0.290972
v -0.223678 1.344899 -0.030659
v -0.197408 1.344581 -0.026150
v -0.292036 1.313958 -0.648796
v -0.294601 1.386715 -0.347923
v -0.320059 1.428182 -0.133952
v -0.493082 1.378356 -0.723853
v -0.377390 1.475190 -0.537059
v -0.351468 1.517305 -0.353740
v 0.500062 0.943578 -1.068140
v 0.530104 1.003107 -1.058020
v 0.398300 0.781796 -1.075760
v 0.451010 0.843812 -1.086165
v 0.238941 0.713495 -1.216203
v 0.328408 0.735769 -1.068751
v 0.194976 0.689392 -1.225134
v 0.086789 0.660223 -1.232237
v 0.148546 0.664908 -1.234680
v -0.025756 0.676193 -1.227898
v 0.021934 0.655358 -1.229730
v -0.181483 0.730459 -1.212003
v -0.084996 0.698007 -1.226164
v -0.261128 0.754558 -1.178950
v -0.431539 0.883227 -1.173825
v -0.305986 0.767833 -1.160808
v -0.534912 0.963198 -1.162865
v -0.615089 2.427871 -0.122850
v -0.715999 2.384071 -0.137628
v -0.511474 2.463841 -0.279694
v -0.459492 2.491649 -0.197077
v -0.833909 2.259014 -0.262852
v -0.826117 2.149129 -0.232804
v -0.690722 2.170292 -0.474776
v -0.649281 2.309162 -0.443229
v -0.807011 2.066374 -0.208192
v -0.684563 1.877169 -0.173555
v -0.649934 1.809801 -0.262373
v -0.719573 2.021410 -0.472646
v -0.594731 1.721482 -0.054493
v -0.549355 1.626427 -0.079254
v -0.528377 1.592127 0.063859
v -0.436434 1.477778 0.068030
v -0.328990 2.539809 -0.228731
v -0.397485 2.508523 -0.331756
v -0.281178 2.548529 -0.400987
v -0.187517 2.586186 -0.244551
v -0.574739 2.317359 -0.525302
v -0.626868 2.142561 -0.559886
v -0.543770 2.149307 -0.654813
v -0.474697 2.332016 -0.630013
v -0.653943 1.999715 -0.553406
v -0.616673 1.734442 -0.333110
v -0.565468 1.669879 -0.392301
v -0.586805 1.978725 -0.634928
v -0.493965 1.545427 -0.109669
v -0.427886 1.507788 -0.157832
v -0.348338 1.420170 0.040745
v -0.261674 1.365912 0.030793
v -0.098147 2.554627 -0.290118
v -0.187959 2.515264 -0.449444
v -0.091502 2.479472 -0.500485
v 0.002831 2.518315 -0.341603
v -0.374502 2.296354 -0.681417
v -0.450870 2.112320 -0.702964
v -0.367483 2.081491 -0.745359
v -0.284232 2.264087 -0.727118
v -0.498113 1.946940 -0.680319
v -0.496664 1.645502 -0.428388
v -0.411037 1.615103 -0.471887
v -0.419991 1.919263 -0.719985
v -0.377242 1.492085 -0.199817
v -0.325550 1.489420 -0.244868
v -0.240918 1.354316 0.004951
v -0.225759 1.380932 -0.057250
v 0.059061 2.390614 -0.431623
v -0.005239 2.351808 -0.543818
v 0.046961 2.253484 -0.584476
v 0.109281 2.288836 -0.487143
v -0.155517 2.161713 -0.731657
v -0.250485 2.002419 -0.745277
v -0.163975 1.968270 -0.746118
v -0.081446 2.106802 -0.732622
v -0.307126 1.875902 -0.724385
v -0.316994 1.617241 -0.497272
v -0.222595 1.667394 -0.504127
v -0.219506 1.843035 -0.727128
v -0.274194 1.492171 -0.272091
v -0.211432 1.553331 -0.315593
v -0.205947 1.427087 -0.130004
v -0.183667 1.478852 -0.181982
v 0.142882 2.107791 -0.625199
v 0.135451 2.179742 -0.563845
v 0.060506 1.847143 -0.702430
v 0.107091 1.924024 -0.742346
v -0.125358 1.700984 -0.489100
v 0.004885 1.795818 -0.642733
v -0.169363 1.604080 -0.345372
v -0.172081 1.533193 -0.244874
v -0.758039 2.319983 -0.221892
v -0.585860 2.394257 -0.377584
v -0.484738 2.433503 -0.440020
v -0.382195 2.457442 -0.535779
v -0.279867 2.429183 -0.579091
v -0.194388 2.385972 -0.636568
v -0.085970 2.266477 -0.656809
v -0.015790 2.193688 -0.665234
v 0.131824 1.994056 -0.685071
v 0.263109 2.110604 0.138763
v 0.278270 2.131561 0.186318
v 0.092057 2.208220 0.060946
v 0.116981 2.138562 -0.001256
v 0.203386 2.159035 0.406668
v 0.154154 2.083335 0.445949
v -0.056997 2.230894 0.414661
v 0.006216 2.287398 0.292309
v 0.120024 2.011724 0.460417
v 0.018761 1.870575 0.399077
v -0.123849 1.831660 0.519691
v -0.110996 2.130601 0.517053
v -0.046111 1.772731 0.334846
v -0.118993 1.621915 0.420820
v -0.056562 1.663139 0.314814
v -0.126892 1.496784 0.262906
v 0.043511 2.143780 -0.121586
v 0.016269 2.238698 -0.042617
v -0.072273 2.278229 -0.145361
v -0.048625 2.173241 -0.196229
v -0.083511 2.339133 0.252425
v -0.161934 2.263221 0.409244
v -0.267078 2.322960 0.371351
v -0.198862 2.406620 0.194052
v -0.212612 2.161917 0.507752
v -0.220849 1.816403 0.521056
v -0.316412 1.798595 0.521178
v -0.314308 2.194130 0.496903
v -0.211387 1.561639 0.403885
v -0.274846 1.515660 0.389041
v -0.174489 1.404865 0.180644
v -0.218030 1.317856 0.051478
v -0.148928 2.171560 -0.248184
v -0.176301 2.275069 -0.182373
v -0.288528 2.269858 -0.211365
v -0.271311 2.183459 -0.253016
v -0.310045 2.402790 0.154366
v -0.372478 2.317098 0.337129
v -0.465367 2.312850 0.304703
v -0.409933 2.398792 0.118561
v -0.412606 2.190430 0.461941
v -0.391996 1.795898 0.494308
v -0.486720 1.792284 0.460226
v -0.498950 2.187267 0.430825
v -0.345974 1.512893 0.364039
v -0.417157 1.509850 0.338124
v -0.226790 1.317550 0.048428
v -0.239466 1.317093 0.043803
v -0.402517 2.164858 -0.233057
v -0.433899 2.224895 -0.184906
v -0.542146 2.196376 -0.149645
v -0.519042 2.146839 -0.205647
v -0.547062 2.312522 0.088176
v -0.578098 2.239004 0.261343
v -0.649909 2.201761 0.214024
v -0.622736 2.263871 0.067218
v -0.592321 2.143446 0.368568
v -0.562010 1.803629 0.398616
v -0.634412 1.815289 0.332169
v -0.664516 2.110242 0.318604
v -0.496727 1.561110 0.298903
v -0.548265 1.634610 0.240793
v -0.384480 1.424754 0.127736
v -0.452948 1.485341 0.147493
v -0.677069 2.159182 -0.140742
v -0.623698 2.127333 -0.196605
v -0.733433 2.109952 0.132357
v -0.738306 2.162908 0.034851
v -0.670556 1.831084 0.213683
v -0.740509 1.997068 0.182613
v -0.581718 1.697449 0.191113
v -0.529530 1.617711 0.147930
v 0.268119 2.157884 0.267311
v 0.048435 2.270804 0.176305
v -0.028883 2.315641 0.089279
v -0.133907 2.378180 0.016091
v -0.237820 2.370923 -0.032103
v -0.347328 2.372231 -0.054263
v -0.491759 2.296907 -0.049592
v -0.579272 2.246583 -0.051604
v -0.746305 2.168123 -0.074946
v 0.127033 2.301835 -0.459195
v 0.148788 2.289896 -0.496525
v 0.264686 2.362379 -0.348620
v 0.180190 2.367777 -0.285137
v 0.205100 2.228501 -0.610532
v 0.196168 2.163394 -0.584334
v 0.428353 2.148415 -0.484943
v 0.403644 2.271015 -0.468512
v 0.180533 2.072448 -0.545999
v 0.180102 1.917187 -0.354898
v 0.279885 1.782075 -0.370510
v 0.437835 2.031149 -0.496445
v 0.122774 1.814272 -0.270097
v 0.156415 1.604022 -0.260839
v 0.065506 1.681431 -0.244060
v 0.002577 1.511356 -0.183289
v 0.213202 2.428036 -0.178621
v 0.305462 2.438626 -0.239938
v 0.393229 2.452839 -0.145064
v 0.256123 2.448014 -0.043446
v 0.484957 2.311806 -0.383106
v 0.525782 2.139043 -0.427233
v 0.623364 2.123024 -0.370633
v 0.603360 2.334282 -0.322382
v 0.529565 2.020675 -0.442406
v 0.336744 1.740252 -0.309431
v 0.401574 1.697536 -0.255959
v 0.620821 2.009925 -0.387479
v 0.174909 1.553659 -0.207846
v 0.195107 1.486574 -0.130915
v -0.065229 1.449462 -0.122518
v -0.182729 1.349214 -0.004831
v 0.340492 2.451426 0.051660
v 0.468410 2.463876 -0.036925
v 0.530509 2.414373 0.029064
v 0.387323 2.407796 0.135003
v 0.668987 2.316240 -0.204126
v 0.687270 2.114824 -0.279361
v 0.741691 2.090627 -0.205930
v 0.732892 2.296558 -0.143552
v 0.677271 1.992934 -0.308867
v 0.456646 1.684651 -0.188591
v 0.510438 1.672115 -0.115405
v 0.733325 1.976202 -0.230040
v 0.216568 1.480679 -0.076024
v 0.247127 1.472243 0.008053
v -0.180974 1.348551 0.004206
v -0.178670 1.347602 0.018268
v 0.492758 2.352035 0.203720
v 0.594215 2.354119 0.125853
v 0.667201 2.249444 0.174177
v 0.567767 2.286544 0.254465
v 0.746405 2.230116 -0.014547
v 0.763164 2.052726 -0.103228
v 0.785190 2.028712 0.006509
v 0.788487 2.159003 0.064965
v 0.752357 1.955150 -0.135394
v 0.548307 1.686318 -0.042493
v 0.590578 1.706094 0.061159
v 0.773976 1.930545 -0.024315
v 0.278676 1.507270 0.064501
v 0.328074 1.558403 0.146622
v -0.042659 1.426310 0.089322
v 0.074084 1.487623 0.147227
v 0.739796 2.135280 0.317571
v 0.700020 2.143572 0.325128
v 0.780489 1.970502 0.252781
v 0.839567 2.049950 0.278905
v 0.550569 1.824265 0.191437
v 0.738637 1.906242 0.237948
v 0.384310 1.747640 0.210938
v 0.230711 1.635284 0.215053
v 0.172302 2.273323 -0.542317
v 0.350884 2.336751 -0.416407
v 0.405426 2.390551 -0.315787
v 0.537628 2.402195 -0.260821
v 0.608215 2.392654 -0.147424
v 0.681324 2.361387 -0.092260
v 0.703256 2.296836 0.033084
v 0.748980 2.221743 0.108058
v 0.764618 2.116328 0.310482
s off
f 1 2 3 4
f 2 5 6 3
f 5 7 8 6
f 7 9 10 8
f 9 1 4 10
f 11 12 13 14
f 12 15 16 13
f 15 17 18 16
f 17 19 20 18
f 19 11 14 20
f 18 20 2 1
f 20 14 5 2
f 14 13 7 5
f 13 16 9 7
f 16 18 1 9
f 21 22 23 24
f 25 26 27 28
f 29 30 31 32
f 30 33 34 31
f 33 35 36 34
f 37 38 39 40
f 41 42 43 44
f 45 46 47 48
f 46 49 50 47
f 49 51 52 50
f 53 54 55 56
f 57 58 59 60
f 61 62 63 64
f 62 65 66 63
f 65 67 68 66
f 69 70 71 72
f 73 74 75 76
f 77 78 79 80
f 78 81 82 79
f 81 83 84 82
f 85 86 87 88
f 89 90 91 92
f 93 94 95 96
f 94 97 98 95
f 97 99 100 98
f 101 102 93 96
f 103 91 90 104
f 105 102 101 106
f 107 108 105 106
f 92 87 86 89
f 109 108 107 110
f 111 112 77 80
f 113 75 74 64
f 114 112 111 115
f 116 117 114 115
f 76 71 70 73
f 118 117 116 119
f 74 120 61 64
f 121 59 58 48
f 122 120 74 73
f 70 123 122 73
f 60 55 54 57
f 124 123 70 69
f 58 43 45 48
f 45 43 42 32
f 44 43 58 57
f 54 39 44 57
f 44 39 38 41
f 40 39 54 53
f 42 125 29 32
f 126 27 26 127
f 128 125 42 41
f 38 129 128 41
f 28 23 22 25
f 130 129 38 37
f 104 131 132 103
f 131 133 134 132
f 133 135 136 134
f 64 63 137 113
f 63 66 138 137
f 66 68 139 138
f 48 47 140 121
f 47 50 141 140
f 50 52 142 141
f 32 31 46 45
f 31 34 49 46
f 34 36 51 49
f 127 143 144 126
f 143 145 146 144
f 145 147 148 146
f 149 109 110 150
f 151 85 88 152
f 153 118 119 154
f 155 69 72 156
f 157 124 69 155
f 158 53 56 159
f 160 40 53 158
f 161 37 40 160
f 162 130 37 161
f 163 21 24 164
f 159 56 124 157
f 56 55 123 124
f 122 123 55 60
f 60 59 120 122
f 61 120 59 121
f 121 140 62 61
f 140 141 65 62
f 141 142 67 65
f 154 119 85 151
f 119 116 86 85
f 89 86 116 115
f 115 111 90 89
f 104 90 111 80
f 80 79 131 104
f 79 82 133 131
f 82 84 135 133
f 164 24 130 162
f 24 23 129 130
f 128 129 23 28
f 28 27 125 128
f 29 125 27 126
f 126 144 30 29
f 144 146 33 30
f 146 148 35 33
f 165 166 21 163
f 166 167 22 21
f 25 22 167 168
f 168 169 26 25
f 127 26 169 170
f 170 171 143 127
f 171 172 145 143
f 172 173 147 145
f 156 72 118 153
f 72 71 117 118
f 114 117 71 76
f 76 75 112 114
f 77 112 75 113
f 113 137 78 77
f 137 138 81 78
f 138 139 83 81
f 152 88 109 149
f 88 87 108 109
f 105 108 87 92
f 92 91 102 105
f 93 102 91 103
f 103 132 94 93
f 132 134 97 94
f 134 136 99 97
f 174 175 176 177
f 178 179 180 181
f 182 183 184 185
f 183 186 187 184
f 186 188 189 187
f 190 191 192 193
f 194 195 196 197
f 198 199 200 201
f 199 202 203 200
f 202 204 205 203
f 206 207 208 209
f 210 211 212 213
f 214 215 216 217
f 215 218 219 216
f 218 220 221 219
f 222 223 224 225
f 226 227 228 229
f 230 231 232 233
f 231 234 235 232
f 234 236 237 235
f 238 239 240 241
f 242 243 244 245
f 246 247 248 249
f 247 250 251 248
f 250 252 253 251
f 254 255 246 249
f 256 244 243 257
f 258 255 254 259
f 260 261 258 259
f 245 240 239 242
f 262 261 260 263
f 264 228 230 233
f 230 228 227 265
f 229 228 264 266
f 267 224 229 266
f 229 224 223 226
f 225 224 267 268
f 269 270 214 217
f 271 212 211 272
f 273 270 269 274
f 275 276 273 274
f 213 208 207 210
f 277 276 275 278
f 279 196 198 201
f 198 196 195 280
f 197 196 279 281
f 282 192 197 281
f 197 192 191 194
f 193 192 282 283
f 284 180 182 185
f 182 180 179 285
f 181 180 284 286
f 287 176 181 286
f 181 176 175 178
f 177 176 287 288
f 257 289 290 256
f 289 291 292 290
f 291 293 294 292
f 265 295 231 230
f 295 296 234 231
f 296 297 236 234
f 272 298 299 271
f 298 300 301 299
f 300 302 303 301
f 280 304 199 198
f 304 305 202 199
f 305 306 204 202
f 285 307 183 182
f 307 308 186 183
f 308 309 188 186
f 310 262 263 311
f 312 238 241 313
f 314 225 268 315
f 316 222 225 314
f 317 277 278 318
f 319 206 209 320
f 321 193 283 322
f 323 190 193 321
f 324 177 288 325
f 326 174 177 324
f 315 268 238 312
f 268 267 239 238
f 242 239 267 266
f 266 264 243 242
f 257 243 264 233
f 233 232 289 257
f 232 235 291 289
f 235 237 293 291
f 320 209 277 317
f 209 208 276 277
f 273 276 208 213
f 213 212 270 273
f 214 270 212 271
f 271 299 215 214
f 299 301 218 215
f 301 303 220 218
f 318 278 222 316
f 278 275 223 222
f 226 223 275 274
f 274 269 227 226
f 265 227 269 217
f 217 216 295 265
f 216 219 296 295
f 219 221 297 296
f 322 283 206 319
f 283 282 207 206
f 210 207 282 281
f 281 279 211 210
f 272 211 279 201
f 201 200 298 272
f 200 203 300 298
f 203 205 302 300
f 325 288 190 323
f 288 287 191 190
f 194 191 287 286
f 286 284 195 194
f 280 195 284 185
f 185 184 304 280
f 184 187 305 304
f 187 189 306 305
f 313 241 262 310
f 241 240 261 262
f 258 261 240 245
f 245 244 255 258
f 246 255 244 256
f 256 290 247 246
f 290 292 250 247
f 292 294 252 250
f 327 328 329 330
f 331 332 333 334
f 335 336 337 338
f 336 339 340 337
f 339 341 342 340
f 343 344 345 346
f 347 348 349 350
f 351 352 353 354
f 352 355 356 353
f 355 357 358 356
f 359 360 361 362
f 363 364 365 366
f 367 368 369 370
f 368 371 372 369
f 371 373 374 372
f 375 376 377 378
f 379 380 381 382
f 383 384 385 386
f 384 387 388 385
f 387 389 390 388
f 391 392 393 394
f 395 396 397 398
f 399 400 401 402
f 400 403 404 401
f 403 405 406 404
f 407 408 399 402
f 409 397 396 410
f 411 408 407 412
f 413 414 411 412
f 398 393 392 395
f 415 414 413 416
f 417 381 383 386
f 383 381 380 418
f 382 381 417 419
f 420 377 382 419
f 382 377 376 379
f 378 377 420 421
f 422 423 367 370
f 424 365 364 425
f 426 423 422 427
f 428 429 426 427
f 366 361 360 363
f 430 429 428 431
f 432 349 351 354
f 351 349 348 433
f 350 349 432 434
f 435 345 350 434
f 350 345 344 347
f 346 345 435 436
f 437 333 335 338
f 335 333 332 438
f 334 333 437 439
f 440 329 334 439
f 334 329 328 331
f 330 329 440 441
f 410 442 443 409
f 442 444 445 443
f 444 446 447 445
f 418 448 384 383
f 448 449 387 384
f 449 450 389 387
f 425 451 452 424
f 451 453 454 452
f 453 455 456 454
f 433 457 352 351
f 457 458 355 352
f 458 459 357 355
f 438 460 336 335
f 460 461 339 336
f 461 462 341 339
f 463 415 416 464
f 465 391 394 466
f 467 378 421 468
f 469 375 378 467
f 470 430 431 471
f 472 359 362 473
f 474 346 436 475
f 476 343 346 474
f 477 330 441 478
f 479 327 330 477
f 468 421 391 465
f 421 420 392 391
f 395 392 420 419
f 419 417 396 395
f 410 396 417 386
f 386 385 442 410
f 385 388 444 442
f 388 390 446 444
f 473 362 430 470
f 362 361 429 430
f 426 429 361 366
f 366 365 423 426
f 367 423 365 424
f 424 452 368 367
f 452 454 371 368
f 454 456 373 371
f 471 431 375 469
f 431 428 376 375
f 379 376 428 427
f 427 422 380 379
f 418 380 422 370
f 370 369 448 418
f 369 372 449 448
f 372 374 450 449
f 475 436 359 472
f 436 435 360 359
f 363 360 435 434
f 434 432 364 363
f 425 364 432 354
f 354 353 451 425
f 353 356 453 451
f 356 358 455 453
f 478 441 343 476
f 441 440 344 343
f 347 344 440 439
f 439 437 348 347
f 433 348 437 338
f 338 337 457 433
f 337 340 458 457
f 340 342 459 458
f 466 394 415 463
f 394 393 414 415
f 411 414 393 398
f 398 397 408 411
f 399 408 397 409
f 409 443 400 399
f 443 445 403 400
f 445 447 405 403
f 480 481 482 483
f 484 485 486 487
f 488 489 490 491
f 489 492 493 490
f 492 494 495 493
f 496 497 498 499
f 500 501 502 503
f 504 505 506 507
f 505 508 509 506
f 508 510 511 509
f 512 513 514 515
f 516 517 518 519
f 520 521 522 523
f 521 524 525 522
f 524 526 527 525
f 528 529 530 531
f 532 533 534 535
f 536 537 538 539
f 537 540 541 538
f 540 542 543 541
f 531 530 544 545
f 535 534 546 547
f 539 538 548 549
f 538 541 550 548
f 541 543 551 550
f 483 482 497 496
f 487 486 501 500
f 491 490 505 504
f 490 493 508 505
f 493 495 510 508
f 499 498 513 512
f 503 502 517 516
f 507 506 521 520
f 506 509 524 521
f 509 511 526 524
f 515 514 529 528
f 519 518 533 532
f 523 522 537 536
f 522 525 540 537
f 525 527 542 540
f 481 552 553 482
f 497 482 553 554
f 498 497 554 555
f 513 498 555 556
f 514 513 556 557
f 529 514 557 558
f 530 529 558 559
f 544 530 559 560
f 552 484 487 553
f 554 553 487 500
f 555 554 500 503
f 556 555 503 516
f 557 556 516 519
f 558 557 519 532
f 559 558 532 535
f 560 559 535 547
f 485 488 491 486
f 501 486 491 504
f 502 501 504 507
f 517 502 507 520
f 518 517 520 523
f 533 518 523 536
f 534 533 536 539
f 546 534 539 549
f 561 562 563 564
f 565 566 567 568
f 569 570 571 572
f 570 573 574 571
f 573 575 576 574
f 577 578 579 580
f 581 582 583 584
f 585 586 587 588
f 586 589 590 587
f 589 591 592 590
f 593 594 595 596
f 597 598 599 600
f 601 602 603 604
f 602 605 606 603
f 605 607 608 606
f 609 610 611 612
f 613 614 615 616
f 617 618 619 620
f 618 621 622 619
f 621 623 624 622
f 612 611 625 626
f 616 615 627 628
f 620 619 629 630
f 619 622 631 629
f 622 624 632 631
f 564 563 578 577
f 568 567 582 581
f 572 571 586 585
f 571 574 589 586
f 574 576 591 589
f 580 579 594 593
f 584 583 598 597
f 588 587 602 601
f 587 590 605 602
f 590 592 607 605
f 596 595 610 609
f 600 599 614 613
f 604 603 618 617
f 603 606 621 618
f 606 608 623 621
f 562 633 634 563
f 578 563 634 635
f 579 578 635 636
f 594 579 636 637
f 595 594 637 638
f 610 595 638 639
f 611 610 639 640
f 625 611 640 641
f 633 565 568 634
f 635 634 568 581
f 636 635 581 584
f 637 636 584 597
f 638 637 597 600
f 639 638 600 613
f 640 639 613 616
f 641 640 616 628
f 566 569 572 567
f 582 567 572 585
f 583 582 585 588
f 598 583 588 601
f 599 598 601 604
f 614 599 604 617
f 615 614 617 620
f 627 615 620 630
f 642 643 644 645
f 646 647 648 649
f 650 651 652 653
f 651 654 655 652
f 654 656 657 655
f 658 659 660 661
f 662 663 664 665
f 666 667 668 669
f 667 670 671 668
f 670 672 673 671
f 674 675 676 677
f 678 679 680 681
f 682 683 684 685
f 683 686 687 684
f 686 688 689 687
f 690 691 692 693
f 694 695 696 697
f 698 699 700 701
f 699 702 703 700
f 702 704 705 703
f 693 692 706 707
f 697 696 708 709
f 701 700 710 711
f 700 703 712 710
f 703 705 713 712
f 645 644 659 658
f 649 648 663 662
f 653 652 667 666
f 652 655 670 667
f 655 657 672 670
f 661 660 675 674
f 665 664 679 678
f 669 668 683 682
f 668 671 686 683
f 671 673 688 686
f 677 676 691 690
f 681 680 695 694
f 685 684 699 698
f 684 687 702 699
f 687 689 704 702
f 714 646 649 715
f 716 715 649 662
f 717 716 662 665
f 718 717 665 678
f 719 718 678 681
f 720 719 681 694
f 721 720 694 697
f 722 721 697 709
f 647 650 653 648
f 663 648 653 666
f 664 663 666 669
f 679 664 669 682
f 680 679 682 685
f 695 680 685 698
f 696 695 698 701
f 708 696 701 711
f 643 714 715 644
f 659 644 715 716
f 660 659 716 717
f 675 660 717 718
f 676 675 718 719
f 691 676 719 720
f 692 691 720 721
f 706 692 721 722
f 723 726 725 724
f 724 725 728 727
f 727 728 730 729
f 729 730 732 731
f 731 732 726 723
f 733 736 735 734
f 734 735 738 737
f 737 738 740 739
f 739 740 742 741
f 741 742 736 733
f 740 723 724 742
f 742 724 727 736
f 736 727 729 735
f 735 729 731 738
f 738 731 723 740
f 743 746 745 744
f 747 750 749 748
f 751 754 753 752
f 752 753 756 755
f 755 756 758 757
f 759 762 761 760
f 763 766 765 764
f 767 770 769 768
f 768 769 772 771
f 771 772 774 773
f 775 778 777 776
f 779 782 781 780
f 783 786 785 784
f 784 785 788 787
f 787 788 790 789
f 791 794 793 792
f 795 798 797 796
f 799 802 801 800
f 800 801 804 803
f 803 804 806 805
f 807 810 809 808
f 811 814 813 812
f 815 818 817 816
f 816 817 820 819
f 819 820 822 821
f 823 818 815 824
f 825 826 812 813
f 827 828 823 824
f 829 828 827 830
f 814 811 808 809
f 831 832 829 830
f 833 802 799 834
f 835 786 796 797
f 836 837 833 834
f 838 837 836 839
f 798 795 792 793
f 840 841 838 839
f 796 786 783 842
f 843 770 780 781
f 844 795 796 842
f 792 795 844 845
f 782 779 776 777
f 846 791 792 845
f 780 770 767 765
f 767 754 764 765
f 766 779 780 765
f 776 779 766 761
f 766 763 760 761
f 762 775 776 761
f 764 754 751 847
f 848 849 748 749
f 850 763 764 847
f 760 763 850 851
f 750 747 744 745
f 852 759 760 851
f 826 825 854 853
f 853 854 856 855
f 855 856 858 857
f 786 835 859 785
f 785 859 860 788
f 788 860 861 790
f 770 843 862 769
f 769 862 863 772
f 772 863 864 774
f 754 767 768 753
f 753 768 771 756
f 756 771 773 758
f 849 848 866 865
f 865 866 868 867
f 867 868 870 869
f 871 872 832 831
f 873 874 810 807
f 875 876 841 840
f 877 878 794 791
f 879 877 791 846
f 880 881 778 775
f 882 880 775 762
f 883 882 762 759
f 884 883 759 852
f 885 886 746 743
f 881 879 846 778
f 778 846 845 777
f 844 782 777 845
f 782 844 842 781
f 783 843 781 842
f 843 783 784 862
f 862 784 787 863
f 863 787 789 864
f 876 873 807 841
f 841 807 808 838
f 811 837 838 808
f 837 811 812 833
f 826 802 833 812
f 802 826 853 801
f 801 853 855 804
f 804 855 857 806
f 886 884 852 746
f 746 852 851 745
f 850 750 745 851
f 750 850 847 749
f 751 848 749 847
f 848 751 752 866
f 866 752 755 868
f 868 755 757 870
f 887 885 743 888
f 888 743 744 889
f 747 890 889 744
f 890 747 748 891
f 849 892 891 748
f 892 849 865 893
f 893 865 867 894
f 894 867 869 895
f 878 875 840 794
f 794 840 839 793
f 836 798 793 839
f 798 836 834 797
f 799 835 797 834
f 835 799 800 859
f 859 800 803 860
f 860 803 805 861
f 874 871 831 810
f 810 831 830 809
f 827 814 809 830
f 814 827 824 813
f 815 825 813 824
f 825 815 816 854
f 854 816 819 856
f 856 819 821 858
f 896 899 898 897
f 900 903 902 901
f 904 907 906 905
f 905 906 909 908
f 908 909 911 910
f 912 915 914 913
f 916 919 918 917
f 920 923 922 921
f 921 922 925 924
f 924 925 927 926
f 928 931 930 929
f 932 935 934 933
f 936 939 938 937
f 937 938 941 940
f 940 941 943 942
f 944 947 946 945
f 948 951 950 949
f 952 955 954 953
f 953 954 957 956
f 956 957 959 958
f 960 963 962 961
f 964 967 966 965
f 968 971 970 969
f 969 970 973 972
f 972 973 975 974
f 976 971 968 977
f 978 979 965 966
f 980 981 976 977
f 982 981 980 983
f 967 964 961 962
f 984 985 982 983
f 986 955 952 950
f 952 987 949 950
f 951 988 986 950
f 989 988 951 946
f 951 948 945 946
f 947 990 989 946
f 991 939 936 992
f 993 994 933 934
f 995 996 991 992
f 997 996 995 998
f 935 932 929 930
f 999 1000 997 998
f 1001 923 920 918
f 920 1002 917 918
f 919 1003 1001 918
f 1004 1003 919 914
f 919 916 913 914
f 915 1005 1004 914
f 1006 907 904 902
f 904 1007 901 902
f 903 1008 1006 902
f 1009 1008 903 898
f 903 900 897 898
f 899 1010 1009 898
f 979 978 1012 1011
f 1011 1012 1014 1013
f 1013 1014 1016 1015
f 987 952 953 1017
f 1017 953 956 1018
f 1018 956 958 1019
f 994 993 1021 1020
f 1020 1021 1023 1022
f 1022 1023 1025 1024
f 1002 920 921 1026
f 1026 921 924 1027
f 1027 924 926 1028
f 1007 904 905 1029
f 1029 905 908 1030
f 1030 908 910 1031
f 1032 1033 985 984
f 1034 1035 963 960
f 1036 1037 990 947
f 1038 1036 947 944
f 1039 1040 1000 999
f 1041 1042 931 928
f 1043 1044 1005 915
f 1045 1043 915 912
f 1046 1047 1010 899
f 1048 1046 899 896
f 1037 1034 960 990
f 990 960 961 989
f 964 988 989 961
f 988 964 965 986
f 979 955 986 965
f 955 979 1011 954
f 954 1011 1013 957
f 957 1013 1015 959
f 1042 1039 999 931
f 931 999 998 930
f 995 935 930 998
f 935 995 992 934
f 936 993 934 992
f 993 936 937 1021
f 1021 937 940 1023
f 1023 940 942 1025
f 1040 1038 944 1000
f 1000 944 945 997
f 948 996 997 945
f 996 948 949 991
f 987 939 991 949
f 939 987 1017 938
f 938 1017 1018 941
f 941 1018 1019 943
f 1044 1041 928 1005
f 1005 928 929 1004
f 932 1003 1004 929
f 1003 932 933 1001
f 994 923 1001 933
f 923 994 1020 922
f 922 1020 1022 925
f 925 1022 1024 927
f 1047 1045 912 1010
f 1010 912 913 1009
f 916 1008 1009 913
f 1008 916 917 1006
f 1002 907 1006 917
f 907 1002 1026 906
f 906 1026 1027 909
f 909 1027 1028 911
f 1035 1032 984 963
f 963 984 983 962
f 980 967 962 983
f 967 980 977 966
f 968 978 966 977
f 978 968 969 1012
f 1012 969 972 1014
f 1014 972 974 1016
f 1049 1052 1051 1050
f 1053 1056 1055 1054
f 1057 1060 1059 1058
f 1058 1059 1062 1061
f 1061 1062 1064 1063
f 1065 1068 1067 1066
f 1069 1072 1071 1070
f 1073 1076 1075 1074
f 1074 1075 1078 1077
f 1077 1078 1080 1079
f 1081 1084 1083 1082
f 1085 1088 1087 1086
f 1089 1092 1091 1090
f 1090 1091 1094 1093
f 1093 1094 1096 1095
f 1097 1100 1099 1098
f 1101 1104 1103 1102
f 1105 1108 1107 1106
f 1106 1107 1110 1109
f 1109 1110 1112 1111
f 1113 1116 1115 1114
f 1117 1120 1119 1118
f 1121 1124 1123 1122
f 1122 1123 1126 1125
f 1125 1126 1128 1127
f 1129 1124 1121 1130
f 1131 1132 1118 1119
f 1133 1134 1129 1130
f 1135 1134 1133 1136
f 1120 1117 1114 1115
f 1137 1138 1135 1136
f 1139 1108 1105 1103
f 1105 1140 1102 1103
f 1104 1141 1139 1103
f 1142 1141 1104 1099
f 1104 1101 1098 1099
f 1100 1143 1142 1099
f 1144 1092 1089 1145
f 1146 1147 1086 1087
f 1148 1149 1144 1145
f 1150 1149 1148 1151
f 1088 1085 1082 1083
f 1152 1153 1150 1151
f 1154 1076 1073 1071
f 1073 1155 1070 1071
f 1072 1156 1154 1071
f 1157 1156 1072 1067
f 1072 1069 1066 1067
f 1068 1158 1157 1067
f 1159 1060 1057 1055
f 1057 1160 1054 1055
f 1056 1161 1159 1055
f 1162 1161 1056 1051
f 1056 1053 1050 1051
f 1052 1163 1162 1051
f 1132 1131 1165 1164
f 1164 1165 1167 1166
f 1166 1167 1169 1168
f 1140 1105 1106 1170
f 1170 1106 1109 1171
f 1171 1109 1111 1172
f 1147 1146 1174 1173
f 1173 1174 1176 1175
f 1175 1176 1178 1177
f 1155 1073 1074 1179
f 1179 1074 1077 1180
f 1180 1077 1079 1181
f 1160 1057 1058 1182
f 1182 1058 1061 1183
f 1183 1061 1063 1184
f 1185 1186 1138 1137
f 1187 1188 1116 1113
f 1189 1190 1143 1100
f 1191 1189 1100 1097
f 1192 1193 1153 1152
f 1194 1195 1084 1081
f 1196 1197 1158 1068
f 1198 1196 1068 1065
f 1199 1200 1163 1052
f 1201 1199 1052 1049
f 1190 1187 1113 1143
f 1143 1113 1114 1142
f 1117 1141 1142 1114
f 1141 1117 1118 1139
f 1132 1108 1139 1118
f 1108 1132 1164 1107
f 1107 1164 1166 1110
f 1110 1166 1168 1112
f 1195 1192 1152 1084
f 1084 1152 1151 1083
f 1148 1088 1083 1151
f 1088 1148 1145 1087
f 1089 1146 1087 1145
f 1146 1089 1090 1174
f 1174 1090 1093 1176
f 1176 1093 1095 1178
f 1193 1191 1097 1153
f 1153 1097 1098 1150
f 1101 1149 1150 1098
f 1149 1101 1102 1144
f 1140 1092 1144 1102
f 1092 1140 1170 1091
f 1091 1170 1171 1094
f 1094 1171 1172 1096
f 1197 1194 1081 1158
f 1158 1081 1082 1157
f 1085 1156 1157 1082
f 1156 1085 1086 1154
f 1147 1076 1154 1086
f 1076 1147 1173 1075
f 1075 1173 1175 1078
f 1078 1175 1177 1080
f 1200 1198 1065 1163
f 1163 1065 1066 1162
f 1069 1161 1162 1066
f 1161 1069 1070 1159
f 1155 1060 1159 1070
f 1060 1155 1179 1059
f 1059 1179 1180 1062
f 1062 1180 1181 1064
f 1188 1185 1137 1116
f 1116 1137 1136 1115
f 1133 1120 1115 1136
f 1120 1133 1130 1119
f 1121 1131 1119 1130
f 1131 1121 1122 1165
f 1165 1122 1125 1167
f 1167 1125 1127 1169
f 1202 1205 1204 1203
f 1206 1209 1208 1207
f 1210 1213 1212 1211
f 1211 1212 1215 1214
f 1214 1215 1217 1216
f 1218 1221 1220 1219
f 1222 1225 1224 1223
f 1226 1229 1228 1227
f 1227 1228 1231 1230
f 1230 1231 1233 1232
f 1234 1237 1236 1235
f 1238 1241 1240 1239
f 1242 1245 1244 1243
f 1243 1244 1247 1246
f 1246 1247 1249 1248
f 1250 1253 1252 1251
f 1254 1257 1256 1255
f 1258 1261 1260 1259
f 1259 1260 1263 1262
f 1262 1263 1265 1264
f 1253 1267 1266 1252
f 1257 1269 1268 1256
f 1261 1271 1270 1260
f 1260 1270 1272 1263
f 1263 1272 1273 1265
f 1205 1218 1219 1204
f 1209 1222 1223 1208
f 1213 1226 1227 1212
f 1212 1227 1230 1215
f 1215 1230 1232 1217
f 1221 1234 1235 1220
f 1225 1238 1239 1224
f 1229 1242 1243 1228
f 1228 1243 1246 1231
f 1231 1246 1248 1233
f 1237 1250 1251 1236
f 1241 1254 1255 1240
f 1245 1258 1259 1244
f 1244 1259 1262 1247
f 1247 1262 1264 1249
f 1203 1204 1275 1274
f 1219 1276 1275 1204
f 1220 1277 1276 1219
f 1235 1278 1277 1220
f 1236 1279 1278 1235
f 1251 1280 1279 1236
f 1252 1281 1280 1251
f 1266 1282 1281 1252
f 1274 1275 1209 1206
f 1276 1222 1209 1275
f 1277 1225 1222 1276
f 1278 1238 1225 1277
f 1279 1241 1238 1278
f 1280 1254 1241 1279
f 1281 1257 1254 1280
f 1282 1269 1257 1281
f 1207 1208 1213 1210
f 1223 1226 1213 1208
f 1224 1229 1226 1223
f 1239 1242 1229 1224
f 1240 1245 1242 1239
f 1255 1258 1245 1240
f 1256 1261 1258 1255
f 1268 1271 1261 1256
f 1283 1286 1285 1284
f 1287 1290 1289 1288
f 1291 1294 1293 1292
f 1292 1293 1296 1295
f 1295 1296 1298 1297
f 1299 1302 1301 1300
f 1303 1306 1305 1304
f 1307 1310 1309 1308
f 1308 1309 1312 1311
f 1311 1312 1314 1313
f 1315 1318 1317 1316
f 1319 1322 1321 1320
f 1323 1326 1325 1324
f 1324 1325 1328 1327
f 1327 1328 1330 1329
f 1331 1334 1333 1332
f 1335 1338 1337 1336
f 1339 1342 1341 1340
f 1340 1341 1344 1343
f 1343 1344 1346 1345
f 1334 1348 1347 1333
f 1338 1350 1349 1337
f 1342 1352 1351 1341
f 1341 1351 1353 1344
f 1344 1353 1354 1346
f 1286 1299 1300 1285
f 1290 1303 1304 1289
f 1294 1307 1308 1293
f 1293 1308 1311 1296
f 1296 1311 1313 1298
f 1302 1315 1316 1301
f 1306 1319 1320 1305
f 1310 1323 1324 1309
f 1309 1324 1327 1312
f 1312 1327 1329 1314
f 1318 1331 1332 1317
f 1322 1335 1336 1321
f 1326 1339 1340 1325
f 1325 1340 1343 1328
f 1328 1343 1345 1330
f 1284 1285 1356 1355
f 1300 1357 1356 1285
f 1301 1358 1357 1300
f 1316 1359 1358 1301
f 1317 1360 1359 1316
f 1332 1361 1360 1317
f 1333 1362 1361 1332
f 1347 1363 1362 1333
f 1355 1356 1290 1287
f 1357 1303 1290 1356
f 1358 1306 1303 1357
f 1359 1319 1306 1358
f 1360 1322 1319 1359
f 1361 1335 1322 1360
f 1362 1338 1335 1361
f 1363 1350 1338 1362
f 1288 1289 1294 1291
f 1304 1307 1294 1289
f 1305 1310 1307 1304
f 1320 1323 1310 1305
f 1321 1326 1323 1320
f 1336 1339 1326 1321
f 1337 1342 1339 1336
f 1349 1352 1342 1337
f 1364 1367 1366 1365
f 1368 1371 1370 1369
f 1372 1375 1374 1373
f 1373 1374 1377 1376
f 1376 1377 1379 1378
f 1380 1383 1382 1381
f 1384 1387 1386 1385
f 1388 1391 1390 1389
f 1389 1390 1393 1392
f 1392 1393 1395 1394
f 1396 1399 1398 1397
f 1400 1403 1402 1401
f 1404 1407 1406 1405
f 1405 1406 1409 1408
f 1408 1409 1411 1410
f 1412 1415 1414 1413
f 1416 1419 1418 1417
f 1420 1423 1422 1421
f 1421 1422 1425 1424
f 1424 1425 1427 1426
f 1415 1429 1428 1414
f 1419 1431 1430 1418
f 1423 1433 1432 1422
f 1422 1432 1434 1425
f 1425 1434 1435 1427
f 1367 1380 1381 1366
f 1371 1384 1385 1370
f 1375 1388 1389 1374
f 1374 1389 1392 1377
f 1377 1392 1394 1379
f 1383 1396 1397 1382
f 1387 1400 1401 1386
f 1391 1404 1405 1390
f 1390 1405 1408 1393
f 1393 1408 1410 1395
f 1399 1412 1413 1398
f 1403 1416 1417 1402
f 1407 1420 1421 1406
f 1406 1421 1424 1409
f 1409 1424 1426 1411
f 1436 1437 1371 1368
f 1438 1384 1371 1437
f 1439 1387 1384 1438
f 1440 1400 1387 1439
f 1441 1403 1400 1440
f 1442 1416 1403 1441
f 1443 1419 1416 1442
f 1444 1431 1419 1443
f 1369 1370 1375 1372
f 1385 1388 1375 1370
f 1386 1391 1388 1385
f 1401 1404 1391 1386
f 1402 1407 1404 1401
f 1417 1420 1407 1402
f 1418 1423 1420 1417
f 1430 1433 1423 1418
f 1365 1366 1437 1436
f 1381 1438 1437 1366
f 1382 1439 1438 1381
f 1397 1440 1439 1382
f 1398 1441 1440 1397
f 1413 1442 1441 1398
f 1414 1443 1442 1413
f 1428 1444 1443 1414
f 4 3 725 726
f 3 6 728 725
f 6 8 730 728
f 8 10 732 730
f 10 4 726 732
f 12 11 733 734
f 15 12 734 737
f 17 15 737 739
f 19 17 739 741
f 11 19 741 733
f 36 35 757 758
f 52 51 773 774
f 68 67 789 790
f 84 83 805 806
f 96 95 817 818
f 95 98 820 817
f 100 99 821 822
f 98 100 822 820
f 101 96 818 823
f 106 101 823 828
f 107 106 828 829
f 110 107 829 832
f 136 135 857 858
f 139 68 790 861
f 142 52 774 864
f 51 36 758 773
f 148 147 869 870
f 149 150 872 871
f 150 110 832 872
f 151 152 874 873
f 153 154 876 875
f 155 156 878 877
f 157 155 877 879
f 158 159 881 880
f 160 158 880 882
f 161 160 882 883
f 162 161 883 884
f 163 164 886 885
f 159 157 879 881
f 67 142 864 789
f 154 151 873 876
f 135 84 806 857
f 164 162 884 886
f 35 148 870 757
f 165 163 885 887
f 166 165 887 888
f 167 166 888 889
f 168 167 889 890
f 169 168 890 891
f 170 169 891 892
f 171 170 892 893
f 172 171 893 894
f 173 172 894 895
f 147 173 895 869
f 156 153 875 878
f 83 139 861 805
f 152 149 871 874
f 99 136 858 821
f 175 174 896 897
f 179 178 900 901
f 189 188 910 911
f 205 204 926 927
f 221 220 942 943
f 237 236 958 959
f 249 248 970 971
f 248 251 973 970
f 253 252 974 975
f 251 253 975 973
f 254 249 971 976
f 259 254 976 981
f 260 259 981 982
f 263 260 982 985
f 285 179 901 1007
f 178 175 897 900
f 294 293 1015 1016
f 236 297 1019 958
f 303 302 1024 1025
f 204 306 1028 926
f 307 285 1007 1029
f 308 307 1029 1030
f 309 308 1030 1031
f 188 309 1031 910
f 310 311 1033 1032
f 311 263 985 1033
f 312 313 1035 1034
f 314 315 1037 1036
f 316 314 1036 1038
f 317 318 1040 1039
f 319 320 1042 1041
f 321 322 1044 1043
f 323 321 1043 1045
f 324 325 1047 1046
f 326 324 1046 1048
f 174 326 1048 896
f 315 312 1034 1037
f 293 237 959 1015
f 320 317 1039 1042
f 220 303 1025 942
f 318 316 1038 1040
f 297 221 943 1019
f 322 319 1041 1044
f 302 205 927 1024
f 325 323 1045 1047
f 306 189 911 1028
f 313 310 1032 1035
f 252 294 1016 974
f 328 327 1049 1050
f 332 331 1053 1054
f 342 341 1063 1064
f 358 357 1079 1080
f 374 373 1095 1096
f 390 389 1111 1112
f 402 401 1123 1124
f 401 404 1126 1123
f 406 405 1127 1128
f 404 406 1128 1126
f 407 402 1124 1129
f 412 407 1129 1134
f 413 412 1134 1135
f 416 413 1135 1138
f 438 332 1054 1160
f 331 328 1050 1053
f 447 446 1168 1169
f 389 450 1172 1111
f 456 455 1177 1178
f 357 459 1181 1079
f 460 438 1160 1182
f 461 460 1182 1183
f 462 461 1183 1184
f 341 462 1184 1063
f 463 464 1186 1185
f 464 416 1138 1186
f 465 466 1188 1187
f 467 468 1190 1189
f 469 467 1189 1191
f 470 471 1193 1192
f 472 473 1195 1194
f 474 475 1197 1196
f 476 474 1196 1198
f 477 478 1200 1199
f 479 477 1199 1201
f 327 479 1201 1049
f 468 465 1187 1190
f 446 390 1112 1168
f 473 470 1192 1195
f 373 456 1178 1095
f 471 469 1191 1193
f 450 374 1096 1172
f 475 472 1194 1197
f 455 358 1080 1177
f 478 476 1198 1200
f 459 342 1064 1181
f 466 463 1185 1188
f 405 447 1169 1127
f 480 483 1205 1202
f 481 480 1202 1203
f 485 484 1206 1207
f 489 488 1210 1211
f 492 489 1211 1214
f 494 492 1214 1216
f 495 494 1216 1217
f 496 499 1221 1218
f 511 510 1232 1233
f 512 515 1237 1234
f 527 526 1248 1249
f 528 531 1253 1250
f 543 542 1264 1265
f 531 545 1267 1253
f 545 544 1266 1267
f 547 546 1268 1269
f 549 548 1270 1271
f 548 550 1272 1270
f 551 543 1265 1273
f 550 551 1273 1272
f 483 496 1218 1205
f 510 495 1217 1232
f 499 512 1234 1221
f 526 511 1233 1248
f 515 528 1250 1237
f 542 527 1249 1264
f 552 481 1203 1274
f 544 560 1282 1266
f 484 552 1274 1206
f 560 547 1269 1282
f 488 485 1207 1210
f 546 549 1271 1268
f 561 564 1286 1283
f 562 561 1283 1284
f 566 565 1287 1288
f 570 569 1291 1292
f 573 570 1292 1295
f 575 573 1295 1297
f 576 575 1297 1298
f 577 580 1302 1299
f 592 591 1313 1314
f 593 596 1318 1315
f 608 607 1329 1330
f 609 612 1334 1331
f 624 623 1345 1346
f 612 626 1348 1334
f 626 625 1347 1348
f 628 627 1349 1350
f 630 629 1351 1352
f 629 631 1353 1351
f 632 624 1346 1354
f 631 632 1354 1353
f 564 577 1299 1286
f 591 576 1298 1313
f 580 593 1315 1302
f 607 592 1314 1329
f 596 609 1331 1318
f 623 608 1330 1345
f 633 562 1284 1355
f 625 641 1363 1347
f 565 633 1355 1287
f 641 628 1350 1363
f 569 566 1288 1291
f 627 630 1352 1349
f 642 645 1367 1364
f 643 642 1364 1365
f 647 646 1368 1369
f 651 650 1372 1373
f 654 651 1373 1376
f 656 654 1376 1378
f 657 656 1378 1379
f 658 661 1383 1380
f 673 672 1394 1395
f 674 677 1399 1396
f 689 688 1410 1411
f 690 693 1415 1412
f 705 704 1426 1427
f 693 707 1429 1415
f 707 706 1428 1429
f 709 708 1430 1431
f 711 710 1432 1433
f 710 712 1434 1432
f 713 705 1427 1435
f 712 713 1435 1434
f 645 658 1380 1367
f 672 657 1379 1394
f 661 674 1396 1383
f 688 673 1395 1410
f 677 690 1412 1399
f 704 689 1411 1426
f 646 714 1436 1368
f 722 709 1431 1444
f 650 647 1369 1372
f 708 711 1433 1430
f 714 643 1365 1436
f 706 722 1444 1428
